1;547;145.0;62.11224;[1.0, 0.0, 0.0];[[-0.3561941273, 0.3561941273, 0.0], [0.0, -0.3561941273, 0.3561941273], [0.0, 0.0, -0.3561941273]]
2;548;145.0;62.11224;[1.0, 0.0, 0.0];[[-0.3674953115, 0.3674953115, 0.0], [0.0, -0.3674953115, 0.3674953115], [0.0, 0.0, -0.3674953115]]
3;549;145.0;62.11224;[1.0, 0.0, 0.0];[[-0.3829655058, 0.3829655058, 0.0], [0.0, -0.3829655058, 0.3829655058], [0.0, 0.0, -0.3829655058]]
4;550;145.0;62.11224;[1.0, 0.0, 0.0];[[-0.3765879175, 0.3765879175, 0.0], [0.0, -0.3765879175, 0.3765879175], [0.0, 0.0, -0.3765879175]]
5;551;145.0;62.11224;[1.0, 0.0, 0.0];[[-0.3739945985, 0.3739945985, 0.0], [0.0, -0.3739945985, 0.3739945985], [0.0, 0.0, -0.3739945985]]
6;552;145.0;62.11224;[1.0, 0.0, 0.0];[[-0.3620069314, 0.3620069314, 0.0], [0.0, -0.3620069314, 0.3620069314], [0.0, 0.0, -0.3620069314]]
7;553;145.0;62.11224;[1.0, 0.0, 0.0];[[-0.3706599993, 0.3706599993, 0.0], [0.0, -0.3706599993, 0.3706599993], [0.0, 0.0, -0.3706599993]]
8;554;145.0;62.11224;[1.0, 0.0, 0.0];[[-0.3674355918, 0.3674355918, 0.0], [0.0, -0.3674355918, 0.3674355918], [0.0, 0.0, -0.3674355918]]
9;555;145.0;62.11224;[1.0, 0.0, 0.0];[[-0.358201291, 0.358201291, 0.0], [0.0, -0.358201291, 0.358201291], [0.0, 0.0, -0.358201291]]
10;556;145.0;62.11224;[1.0, 0.0, 0.0];[[-0.3825148618, 0.3825148618, 0.0], [0.0, -0.3825148618, 0.3825148618], [0.0, 0.0, -0.3825148618]]
11;557;145.0;62.11224;[1.0, 0.0, 0.0];[[-0.3763412701, 0.3763412701, 0.0], [0.0, -0.3763412701, 0.3763412701], [0.0, 0.0, -0.3763412701]]
12;558;145.0;62.11224;[1.0, 0.0, 0.0];[[-0.3693302686, 0.3693302686, 0.0], [0.0, -0.3693302686, 0.3693302686], [0.0, 0.0, -0.3693302686]]
13;559;145.0;62.11224;[1.0, 0.0, 0.0];[[-0.3601156022, 0.3601156022, 0.0], [0.0, -0.3601156022, 0.3601156022], [0.0, 0.0, -0.3601156022]]
14;560;145.0;62.11224;[1.0, 0.0, 0.0];[[-0.3753507507, 0.3753507507, 0.0], [0.0, -0.3753507507, 0.3753507507], [0.0, 0.0, -0.3753507507]]
15;561;145.0;62.11224;[1.0, 0.0, 0.0];[[-0.3728211095, 0.3728211095, 0.0], [0.0, -0.3728211095, 0.3728211095], [0.0, 0.0, -0.3728211095]]
16;562;145.0;62.11224;[1.0, 0.0, 0.0];[[-0.3651920778, 0.3651920778, 0.0], [0.0, -0.3651920778, 0.3651920778], [0.0, 0.0, -0.3651920778]]
17;563;145.0;62.11224;[1.0, 0.0, 0.0];[[-0.3641797698, 0.3641797698, 0.0], [0.0, -0.3641797698, 0.3641797698], [0.0, 0.0, -0.3641797698]]
18;564;145.0;62.11224;[1.0, 0.0, 0.0];[[-0.3724117716, 0.3724117716, 0.0], [0.0, -0.3724117716, 0.3724117716], [0.0, 0.0, -0.3724117716]]
19;565;145.0;62.11224;[1.0, 0.0, 0.0];[[-0.3624740428, 0.3624740428, 0.0], [0.0, -0.3624740428, 0.3624740428], [0.0, 0.0, -0.3624740428]]
20;566;145.0;62.11224;[1.0, 0.0, 0.0];[[-0.2457564036, 0.2457564036, 0.0], [0.0, -0.2457564036, 0.0], [0.0, 0.0, -0.1239635987]]
21;567;145.0;62.11224;[1.0, 0.0, 0.0];[[-0.361022019, 0.361022019, 0.0], [0.0, -0.361022019, 0.361022019], [0.0, 0.0, -0.361022019]]
22;568;145.0;62.11224;[1.0, 0.0, 0.0];[[-0.3611721865, 0.3611721865, 0.0], [0.0, -0.3611721865, 0.3611721865], [0.0, 0.0, -0.3611721865]]
23;569;145.0;62.11224;[1.0, 0.0, 0.0];[[-0.3668895487, 0.3668895487, 0.0], [0.0, -0.3668895487, 0.3668895487], [0.0, 0.0, -0.3668895487]]
24;570;145.0;62.11224;[1.0, 0.0, 0.0];[[-0.3663569822, 0.3663569822, 0.0], [0.0, -0.3663569822, 0.3663569822], [0.0, 0.0, -0.3663569822]]
25;571;145.0;62.11224;[1.0, 0.0, 0.0];[[-0.3620565223, 0.3620565223, 0.0], [0.0, -0.3620565223, 0.3620565223], [0.0, 0.0, -0.3620565223]]
26;572;145.0;62.11224;[1.0, 0.0, 0.0];[[-0.366647259, 0.366647259, 0.0], [0.0, -0.366647259, 0.366647259], [0.0, 0.0, -0.366647259]]
27;573;145.0;62.11224;[1.0, 0.0, 0.0];[[-0.3613964245, 0.3613964245, 0.0], [0.0, -0.3613964245, 0.3613964245], [0.0, 0.0, -0.3613964245]]
28;574;145.0;62.11224;[1.0, 0.0, 0.0];[[-0.3617906027, 0.3617906027, 0.0], [0.0, -0.3617906027, 0.3617906027], [0.0, 0.0, -0.3617906027]]
29;575;145.0;62.11224;[1.0, 0.0, 0.0];[[-0.3716705928, 0.3716705928, 0.0], [0.0, -0.3716705928, 0.3716705928], [0.0, 0.0, -0.3716705928]]
30;576;145.0;62.11224;[1.0, 0.0, 0.0];[[-0.374468373, 0.374468373, 0.0], [0.0, -0.374468373, 0.374468373], [0.0, 0.0, -0.374468373]]
31;577;145.0;62.11224;[1.0, 0.0, 0.0];[[-0.363887682, 0.363887682, 0.0], [0.0, -0.363887682, 0.363887682], [0.0, 0.0, -0.363887682]]
32;578;145.0;62.11224;[1.0, 0.0, 0.0];[[-0.3656912029, 0.3656912029, 0.0], [0.0, -0.3656912029, 0.3656912029], [0.0, 0.0, -0.3656912029]]
33;579;145.0;62.11224;[1.0, 0.0, 0.0];[[-0.3689614495, 0.3689614495, 0.0], [0.0, -0.3689614495, 0.3689614495], [0.0, 0.0, -0.3689614495]]
34;580;145.0;62.11224;[1.0, 0.0, 0.0];[[-0.3713116904, 0.3713116904, 0.0], [0.0, -0.3713116904, 0.3713116904], [0.0, 0.0, -0.3713116904]]
35;581;145.0;62.11224;[1.0, 0.0, 0.0];[[-0.3797490492, 0.3797490492, 0.0], [0.0, -0.3797490492, 0.3797490492], [0.0, 0.0, -0.3797490492]]
36;582;145.0;62.11224;[1.0, 0.0, 0.0];[[-0.3735042881, 0.3735042881, 0.0], [0.0, -0.3735042881, 0.3735042881], [0.0, 0.0, -0.3735042881]]
37;583;145.0;62.11224;[1.0, 0.0, 0.0];[[-0.3567486384, 0.3567486384, 0.0], [0.0, -0.3567486384, 0.3567486384], [0.0, 0.0, -0.3567486384]]
38;584;145.0;62.11224;[1.0, 0.0, 0.0];[[-0.3614236589, 0.3614236589, 0.0], [0.0, -0.3614236589, 0.3614236589], [0.0, 0.0, -0.3614236589]]
39;585;145.0;62.11224;[1.0, 0.0, 0.0];[[-0.3616199527, 0.3616199527, 0.0], [0.0, -0.3616199527, 0.3616199527], [0.0, 0.0, -0.3616199527]]
40;586;145.0;62.11224;[1.0, 0.0, 0.0];[[-0.3579169874, 0.3579169874, 0.0], [0.0, -0.3579169874, 0.3579169874], [0.0, 0.0, -0.3579169874]]
41;587;145.0;62.11224;[1.0, 0.0, 0.0];[[-0.3809665677, 0.3809665677, 0.0], [0.0, -0.3809665677, 0.3809665677], [0.0, 0.0, -0.3809665677]]
42;588;145.0;62.11224;[1.0, 0.0, 0.0];[[-0.3648747491, 0.3648747491, 0.0], [0.0, -0.3648747491, 0.3648747491], [0.0, 0.0, -0.3648747491]]
43;589;145.0;62.11224;[1.0, 0.0, 0.0];[[-0.3728091398, 0.3728091398, 0.0], [0.0, -0.3728091398, 0.3728091398], [0.0, 0.0, -0.3728091398]]
44;590;145.0;62.11224;[1.0, 0.0, 0.0];[[-0.3714837297, 0.3714837297, 0.0], [0.0, -0.3714837297, 0.3714837297], [0.0, 0.0, -0.3714837297]]
45;591;145.0;62.11224;[1.0, 0.0, 0.0];[[-0.3725186755, 0.3725186755, 0.0], [0.0, -0.3725186755, 0.3725186755], [0.0, 0.0, -0.3725186755]]
46;592;145.0;62.11224;[1.0, 0.0, 0.0];[[-0.3557228384, 0.3557228384, 0.0], [0.0, -0.3557228384, 0.3557228384], [0.0, 0.0, -0.3557228384]]
47;593;145.0;62.11224;[1.0, 0.0, 0.0];[[-0.349270341, 0.349270341, 0.0], [0.0, -0.349270341, 0.349270341], [0.0, 0.0, -0.349270341]]
48;594;145.0;62.11224;[1.0, 0.0, 0.0];[[-0.353165866, 0.353165866, 0.0], [0.0, -0.353165866, 0.353165866], [0.0, 0.0, -0.353165866]]
49;595;145.0;62.11224;[1.0, 0.0, 0.0];[[-0.3668149837, 0.3668149837, 0.0], [0.0, -0.3668149837, 0.3668149837], [0.0, 0.0, -0.3668149837]]
50;596;145.0;62.11224;[1.0, 0.0, 0.0];[[-0.3672808852, 0.3672808852, 0.0], [0.0, -0.3672808852, 0.3672808852], [0.0, 0.0, -0.3672808852]]
51;597;145.0;62.11224;[1.0, 0.0, 0.0];[[-0.3517393363, 0.3517393363, 0.0], [0.0, -0.3517393363, 0.3517393363], [0.0, 0.0, -0.3517393363]]
52;598;145.0;62.11224;[1.0, 0.0, 0.0];[[-0.3733513668, 0.3733513668, 0.0], [0.0, -0.3733513668, 0.3733513668], [0.0, 0.0, -0.3733513668]]
53;599;145.0;62.11224;[1.0, 0.0, 0.0];[[-0.3736264025, 0.3736264025, 0.0], [0.0, -0.3736264025, 0.3736264025], [0.0, 0.0, -0.3736264025]]
54;600;145.0;62.11224;[1.0, 0.0, 0.0];[[-0.3591069815, 0.3591069815, 0.0], [0.0, -0.3591069815, 0.3591069815], [0.0, 0.0, -0.3591069815]]
55;601;145.0;62.11224;[1.0, 0.0, 0.0];[[-0.3832215405, 0.3832215405, 0.0], [0.0, -0.3832215405, 0.3832215405], [0.0, 0.0, -0.3832215405]]
56;602;145.0;62.11224;[1.0, 0.0, 0.0];[[-0.3632495493, 0.3632495493, 0.0], [0.0, -0.3632495493, 0.3632495493], [0.0, 0.0, -0.3632495493]]
57;603;145.0;62.11224;[1.0, 0.0, 0.0];[[-0.3743739054, 0.3743739054, 0.0], [0.0, -0.3743739054, 0.3743739054], [0.0, 0.0, -0.3743739054]]
58;604;145.0;62.11224;[1.0, 0.0, 0.0];[[-0.2571375496, 0.2571375496, 0.0], [0.0, -0.2571375496, 0.0], [0.0, 0.0, -0.1311431906]]
59;605;145.0;62.11224;[1.0, 0.0, 0.0];[[-0.3709242887, 0.3709242887, 0.0], [0.0, -0.3709242887, 0.3709242887], [0.0, 0.0, -0.3709242887]]
60;606;145.0;62.11224;[1.0, 0.0, 0.0];[[-0.3669337028, 0.3669337028, 0.0], [0.0, -0.3669337028, 0.3669337028], [0.0, 0.0, -0.3669337028]]
61;607;145.0;62.11224;[1.0, 0.0, 0.0];[[-0.3687156624, 0.3687156624, 0.0], [0.0, -0.3687156624, 0.3687156624], [0.0, 0.0, -0.3687156624]]
62;608;145.0;62.11224;[1.0, 0.0, 0.0];[[-0.3778905055, 0.3778905055, 0.0], [0.0, -0.3778905055, 0.3778905055], [0.0, 0.0, -0.3778905055]]
63;609;145.0;62.11224;[1.0, 0.0, 0.0];[[-0.3679578406, 0.3679578406, 0.0], [0.0, -0.3679578406, 0.3679578406], [0.0, 0.0, -0.3679578406]]
64;610;145.0;62.11224;[1.0, 0.0, 0.0];[[-0.3612915977, 0.3612915977, 0.0], [0.0, -0.3612915977, 0.3612915977], [0.0, 0.0, -0.3612915977]]
65;611;145.0;62.11224;[1.0, 0.0, 0.0];[[-0.3792421868, 0.3792421868, 0.0], [0.0, -0.3792421868, 0.3792421868], [0.0, 0.0, -0.3792421868]]
66;612;145.0;62.11224;[1.0, 0.0, 0.0];[[-0.3676968087, 0.3676968087, 0.0], [0.0, -0.3676968087, 0.3676968087], [0.0, 0.0, -0.3676968087]]
67;613;145.0;62.11224;[1.0, 0.0, 0.0];[[-0.3657919378, 0.3657919378, 0.0], [0.0, -0.3657919378, 0.3657919378], [0.0, 0.0, -0.3657919378]]
68;614;145.0;62.11224;[1.0, 0.0, 0.0];[[-0.3758394031, 0.3758394031, 0.0], [0.0, -0.3758394031, 0.3758394031], [0.0, 0.0, -0.3758394031]]
69;615;145.0;62.11224;[1.0, 0.0, 0.0];[[-0.3747362891, 0.3747362891, 0.0], [0.0, -0.3747362891, 0.3747362891], [0.0, 0.0, -0.3747362891]]
70;616;145.0;62.11224;[1.0, 0.0, 0.0];[[-0.3687582401, 0.3687582401, 0.0], [0.0, -0.3687582401, 0.3687582401], [0.0, 0.0, -0.3687582401]]
71;617;145.0;62.11224;[1.0, 0.0, 0.0];[[-0.370987066, 0.370987066, 0.0], [0.0, -0.370987066, 0.370987066], [0.0, 0.0, -0.370987066]]
72;618;145.0;62.11224;[1.0, 0.0, 0.0];[[-0.3718915696, 0.3718915696, 0.0], [0.0, -0.3718915696, 0.3718915696], [0.0, 0.0, -0.3718915696]]
73;619;145.0;62.11224;[1.0, 0.0, 0.0];[[-0.3635528462, 0.3635528462, 0.0], [0.0, -0.3635528462, 0.3635528462], [0.0, 0.0, -0.3635528462]]
74;620;145.0;62.11224;[1.0, 0.0, 0.0];[[-0.3829638718, 0.3829638718, 0.0], [0.0, -0.3829638718, 0.3829638718], [0.0, 0.0, -0.3829638718]]
75;621;145.0;62.11224;[1.0, 0.0, 0.0];[[-0.368229392, 0.368229392, 0.0], [0.0, -0.368229392, 0.368229392], [0.0, 0.0, -0.368229392]]
76;622;145.0;62.11224;[1.0, 0.0, 0.0];[[-0.3790628079, 0.3790628079, 0.0], [0.0, -0.3790628079, 0.3790628079], [0.0, 0.0, -0.3790628079]]
77;623;145.0;62.11224;[1.0, 0.0, 0.0];[[-0.3805885953, 0.3805885953, 0.0], [0.0, -0.3805885953, 0.3805885953], [0.0, 0.0, -0.3805885953]]
78;624;145.0;62.11224;[1.0, 0.0, 0.0];[[-0.3744104151, 0.3744104151, 0.0], [0.0, -0.3744104151, 0.3744104151], [0.0, 0.0, -0.3744104151]]
79;625;145.0;62.11224;[1.0, 0.0, 0.0];[[-0.3682357896, 0.3682357896, 0.0], [0.0, -0.3682357896, 0.3682357896], [0.0, 0.0, -0.3682357896]]
80;626;145.0;62.11224;[1.0, 0.0, 0.0];[[-0.3665779253, 0.3665779253, 0.0], [0.0, -0.3665779253, 0.3665779253], [0.0, 0.0, -0.3665779253]]
81;627;145.0;62.11224;[1.0, 0.0, 0.0];[[-0.3734320398, 0.3734320398, 0.0], [0.0, -0.3734320398, 0.3734320398], [0.0, 0.0, -0.3734320398]]
82;628;145.0;62.11224;[1.0, 0.0, 0.0];[[-0.3641429156, 0.3641429156, 0.0], [0.0, -0.3641429156, 0.3641429156], [0.0, 0.0, -0.3641429156]]
83;629;145.0;62.11224;[1.0, 0.0, 0.0];[[-0.372807375, 0.372807375, 0.0], [0.0, -0.372807375, 0.372807375], [0.0, 0.0, -0.372807375]]
84;630;145.0;62.11224;[1.0, 0.0, 0.0];[[-0.3773750607, 0.3773750607, 0.0], [0.0, -0.3773750607, 0.3773750607], [0.0, 0.0, -0.3773750607]]
85;631;145.0;62.11224;[1.0, 0.0, 0.0];[[-0.3614530016, 0.3614530016, 0.0], [0.0, -0.3614530016, 0.3614530016], [0.0, 0.0, -0.3614530016]]
86;632;145.0;62.11224;[1.0, 0.0, 0.0];[[-0.2449417673, 0.2449417673, 0.0], [0.0, -0.2449417673, 0.0], [0.0, 0.0, -0.1232149236]]
87;633;145.0;62.11224;[1.0, 0.0, 0.0];[[-0.3801085608, 0.3801085608, 0.0], [0.0, -0.3801085608, 0.3801085608], [0.0, 0.0, -0.3801085608]]
88;634;145.0;62.11224;[1.0, 0.0, 0.0];[[-0.3561188367, 0.3561188367, 0.0], [0.0, -0.3561188367, 0.3561188367], [0.0, 0.0, -0.3561188367]]
89;635;145.0;62.11224;[1.0, 0.0, 0.0];[[-0.3769817534, 0.3769817534, 0.0], [0.0, -0.3769817534, 0.3769817534], [0.0, 0.0, -0.3769817534]]
90;636;145.0;62.11224;[1.0, 0.0, 0.0];[[-0.3704687338, 0.3704687338, 0.0], [0.0, -0.3704687338, 0.3704687338], [0.0, 0.0, -0.3704687338]]
91;637;145.0;62.11224;[1.0, 0.0, 0.0];[[-0.3680137429, 0.3680137429, 0.0], [0.0, -0.3680137429, 0.3680137429], [0.0, 0.0, -0.3680137429]]
92;638;145.0;62.11224;[1.0, 0.0, 0.0];[[-0.3790804632, 0.3790804632, 0.0], [0.0, -0.3790804632, 0.3790804632], [0.0, 0.0, -0.3790804632]]
93;639;145.0;62.11224;[1.0, 0.0, 0.0];[[-0.3567179262, 0.3567179262, 0.0], [0.0, -0.3567179262, 0.3567179262], [0.0, 0.0, -0.3567179262]]
94;640;145.0;62.11224;[1.0, 0.0, 0.0];[[-0.3723886282, 0.3723886282, 0.0], [0.0, -0.3723886282, 0.3723886282], [0.0, 0.0, -0.3723886282]]
95;641;145.0;62.11224;[1.0, 0.0, 0.0];[[-0.3664461529, 0.3664461529, 0.0], [0.0, -0.3664461529, 0.3664461529], [0.0, 0.0, -0.3664461529]]
96;642;145.0;62.11224;[1.0, 0.0, 0.0];[[-0.3596261958, 0.3596261958, 0.0], [0.0, -0.3596261958, 0.3596261958], [0.0, 0.0, -0.3596261958]]
97;643;145.0;62.11224;[1.0, 0.0, 0.0];[[-0.3712183656, 0.3712183656, 0.0], [0.0, -0.3712183656, 0.3712183656], [0.0, 0.0, -0.3712183656]]
98;644;145.0;62.11224;[1.0, 0.0, 0.0];[[-0.3674915145, 0.3674915145, 0.0], [0.0, -0.3674915145, 0.3674915145], [0.0, 0.0, -0.3674915145]]
99;645;145.0;62.11224;[1.0, 0.0, 0.0];[[-0.3714853891, 0.3714853891, 0.0], [0.0, -0.3714853891, 0.3714853891], [0.0, 0.0, -0.3714853891]]
100;646;145.0;62.11224;[1.0, 0.0, 0.0];[[-0.3673508896, 0.3673508896, 0.0], [0.0, -0.3673508896, 0.3673508896], [0.0, 0.0, -0.3673508896]]
101;647;145.0;62.11224;[1.0, 0.0, 0.0];[[-0.3685516327, 0.3685516327, 0.0], [0.0, -0.3685516327, 0.3685516327], [0.0, 0.0, -0.3685516327]]
102;648;145.0;62.11224;[1.0, 0.0, 0.0];[[-0.3591763876, 0.3591763876, 0.0], [0.0, -0.3591763876, 0.3591763876], [0.0, 0.0, -0.3591763876]]
103;649;145.0;62.11224;[1.0, 0.0, 0.0];[[-0.3780201625, 0.3780201625, 0.0], [0.0, -0.3780201625, 0.3780201625], [0.0, 0.0, -0.3780201625]]
104;650;145.0;62.11224;[1.0, 0.0, 0.0];[[-0.2515988752, 0.2515988752, 0.0], [0.0, -0.2515988752, 0.0], [0.0, 0.0, -0.1273428806]]
105;651;145.0;62.11224;[1.0, 0.0, 0.0];[[-0.361278547, 0.361278547, 0.0], [0.0, -0.361278547, 0.361278547], [0.0, 0.0, -0.361278547]]
106;652;145.0;62.11224;[1.0, 0.0, 0.0];[[-0.3643233755, 0.3643233755, 0.0], [0.0, -0.3643233755, 0.3643233755], [0.0, 0.0, -0.3643233755]]
107;653;145.0;62.11224;[1.0, 0.0, 0.0];[[-0.3708407597, 0.3708407597, 0.0], [0.0, -0.3708407597, 0.3708407597], [0.0, 0.0, -0.3708407597]]
108;654;145.0;62.11224;[1.0, 0.0, 0.0];[[-0.35885544, 0.35885544, 0.0], [0.0, -0.35885544, 0.35885544], [0.0, 0.0, -0.35885544]]
109;655;145.0;62.11224;[1.0, 0.0, 0.0];[[-0.3708412018, 0.3708412018, 0.0], [0.0, -0.3708412018, 0.3708412018], [0.0, 0.0, -0.3708412018]]
110;656;145.0;62.11224;[1.0, 0.0, 0.0];[[-0.3624899112, 0.3624899112, 0.0], [0.0, -0.3624899112, 0.3624899112], [0.0, 0.0, -0.3624899112]]
111;657;145.0;62.11224;[1.0, 0.0, 0.0];[[-0.3699123202, 0.3699123202, 0.0], [0.0, -0.3699123202, 0.3699123202], [0.0, 0.0, -0.3699123202]]
112;658;145.0;62.11224;[1.0, 0.0, 0.0];[[-0.3723707818, 0.3723707818, 0.0], [0.0, -0.3723707818, 0.3723707818], [0.0, 0.0, -0.3723707818]]
113;659;145.0;62.11224;[1.0, 0.0, 0.0];[[-0.3673556364, 0.3673556364, 0.0], [0.0, -0.3673556364, 0.3673556364], [0.0, 0.0, -0.3673556364]]
114;660;145.0;62.11224;[1.0, 0.0, 0.0];[[-0.3698310482, 0.3698310482, 0.0], [0.0, -0.3698310482, 0.3698310482], [0.0, 0.0, -0.3698310482]]
115;661;145.0;62.11224;[1.0, 0.0, 0.0];[[-0.3488830946, 0.3488830946, 0.0], [0.0, -0.3488830946, 0.3488830946], [0.0, 0.0, -0.3488830946]]
116;662;145.0;62.11224;[1.0, 0.0, 0.0];[[-0.376333979, 0.376333979, 0.0], [0.0, -0.376333979, 0.376333979], [0.0, 0.0, -0.376333979]]
117;663;145.0;62.11224;[1.0, 0.0, 0.0];[[-0.384604027, 0.384604027, 0.0], [0.0, -0.384604027, 0.384604027], [0.0, 0.0, -0.384604027]]
118;664;145.0;62.11224;[1.0, 0.0, 0.0];[[-0.3496869297, 0.3496869297, 0.0], [0.0, -0.3496869297, 0.3496869297], [0.0, 0.0, -0.3496869297]]
119;665;145.0;62.11224;[1.0, 0.0, 0.0];[[-0.3621232163, 0.3621232163, 0.0], [0.0, -0.3621232163, 0.3621232163], [0.0, 0.0, -0.3621232163]]
120;666;145.0;62.11224;[1.0, 0.0, 0.0];[[-0.3646267448, 0.3646267448, 0.0], [0.0, -0.3646267448, 0.3646267448], [0.0, 0.0, -0.3646267448]]
121;667;145.0;62.11224;[1.0, 0.0, 0.0];[[-0.3703539703, 0.3703539703, 0.0], [0.0, -0.3703539703, 0.3703539703], [0.0, 0.0, -0.3703539703]]
122;668;145.0;62.11224;[1.0, 0.0, 0.0];[[-0.3642517443, 0.3642517443, 0.0], [0.0, -0.3642517443, 0.3642517443], [0.0, 0.0, -0.3642517443]]
123;669;145.0;62.11224;[1.0, 0.0, 0.0];[[-0.367072199, 0.367072199, 0.0], [0.0, -0.367072199, 0.367072199], [0.0, 0.0, -0.367072199]]
124;670;145.0;62.11224;[1.0, 0.0, 0.0];[[-0.373881938, 0.373881938, 0.0], [0.0, -0.373881938, 0.373881938], [0.0, 0.0, -0.373881938]]
125;671;145.0;62.11224;[1.0, 0.0, 0.0];[[-0.3736505354, 0.3736505354, 0.0], [0.0, -0.3736505354, 0.3736505354], [0.0, 0.0, -0.3736505354]]
126;672;145.0;62.11224;[1.0, 0.0, 0.0];[[-0.3755002842, 0.3755002842, 0.0], [0.0, -0.3755002842, 0.3755002842], [0.0, 0.0, -0.3755002842]]
127;673;145.0;62.11224;[1.0, 0.0, 0.0];[[-0.368858495, 0.368858495, 0.0], [0.0, -0.368858495, 0.368858495], [0.0, 0.0, -0.368858495]]
128;674;145.0;62.11224;[1.0, 0.0, 0.0];[[-0.3792960419, 0.3792960419, 0.0], [0.0, -0.3792960419, 0.3792960419], [0.0, 0.0, -0.3792960419]]
129;675;145.0;62.11224;[1.0, 0.0, 0.0];[[-0.3665772745, 0.3665772745, 0.0], [0.0, -0.3665772745, 0.3665772745], [0.0, 0.0, -0.3665772745]]
130;676;145.0;62.11224;[1.0, 0.0, 0.0];[[-0.3804141462, 0.3804141462, 0.0], [0.0, -0.3804141462, 0.3804141462], [0.0, 0.0, -0.3804141462]]
131;677;145.0;62.11224;[1.0, 0.0, 0.0];[[-0.3583473938, 0.3583473938, 0.0], [0.0, -0.3583473938, 0.3583473938], [0.0, 0.0, -0.3583473938]]
132;678;145.0;62.11224;[1.0, 0.0, 0.0];[[-0.367046631, 0.367046631, 0.0], [0.0, -0.367046631, 0.367046631], [0.0, 0.0, -0.367046631]]
133;679;145.0;62.11224;[1.0, 0.0, 0.0];[[-0.3741598661, 0.3741598661, 0.0], [0.0, -0.3741598661, 0.3741598661], [0.0, 0.0, -0.3741598661]]
134;680;145.0;62.11224;[1.0, 0.0, 0.0];[[-0.3787605682, 0.3787605682, 0.0], [0.0, -0.3787605682, 0.3787605682], [0.0, 0.0, -0.3787605682]]
135;681;145.0;62.11224;[1.0, 0.0, 0.0];[[-0.3683823374, 0.3683823374, 0.0], [0.0, -0.3683823374, 0.3683823374], [0.0, 0.0, -0.3683823374]]
136;682;145.0;62.11224;[1.0, 0.0, 0.0];[[-0.3698397158, 0.3698397158, 0.0], [0.0, -0.3698397158, 0.3698397158], [0.0, 0.0, -0.3698397158]]
137;683;145.0;62.11224;[1.0, 0.0, 0.0];[[-0.2511367869, 0.2511367869, 0.0], [0.0, -0.2511367869, 0.0], [0.0, 0.0, -0.1279752806]]
138;684;145.0;62.11224;[1.0, 0.0, 0.0];[[-0.3652551175, 0.3652551175, 0.0], [0.0, -0.3652551175, 0.3652551175], [0.0, 0.0, -0.3652551175]]
139;685;145.0;62.11224;[1.0, 0.0, 0.0];[[-0.3698020411, 0.3698020411, 0.0], [0.0, -0.3698020411, 0.3698020411], [0.0, 0.0, -0.3698020411]]
140;686;145.0;62.11224;[1.0, 0.0, 0.0];[[-0.3807313304, 0.3807313304, 0.0], [0.0, -0.3807313304, 0.3807313304], [0.0, 0.0, -0.3807313304]]
141;687;145.0;62.11224;[1.0, 0.0, 0.0];[[-0.3624102068, 0.3624102068, 0.0], [0.0, -0.3624102068, 0.3624102068], [0.0, 0.0, -0.3624102068]]
142;688;145.0;62.11224;[1.0, 0.0, 0.0];[[-0.3591533462, 0.3591533462, 0.0], [0.0, -0.3591533462, 0.3591533462], [0.0, 0.0, -0.3591533462]]
143;689;145.0;62.11224;[1.0, 0.0, 0.0];[[-0.3719725676, 0.3719725676, 0.0], [0.0, -0.3719725676, 0.3719725676], [0.0, 0.0, -0.3719725676]]
144;690;145.0;62.11224;[1.0, 0.0, 0.0];[[-0.3545659105, 0.3545659105, 0.0], [0.0, -0.3545659105, 0.3545659105], [0.0, 0.0, -0.3545659105]]
145;691;145.0;62.11224;[1.0, 0.0, 0.0];[[-0.3671254026, 0.3671254026, 0.0], [0.0, -0.3671254026, 0.3671254026], [0.0, 0.0, -0.3671254026]]
146;692;145.0;62.11224;[1.0, 0.0, 0.0];[[-0.3707663472, 0.3707663472, 0.0], [0.0, -0.3707663472, 0.3707663472], [0.0, 0.0, -0.3707663472]]
147;693;145.0;62.11224;[1.0, 0.0, 0.0];[[-0.363368107, 0.363368107, 0.0], [0.0, -0.363368107, 0.363368107], [0.0, 0.0, -0.363368107]]
148;694;145.0;62.11224;[1.0, 0.0, 0.0];[[-0.3706134228, 0.3706134228, 0.0], [0.0, -0.3706134228, 0.3706134228], [0.0, 0.0, -0.3706134228]]
149;695;145.0;62.11224;[1.0, 0.0, 0.0];[[-0.3678307042, 0.3678307042, 0.0], [0.0, -0.3678307042, 0.3678307042], [0.0, 0.0, -0.3678307042]]
150;696;145.0;62.11224;[1.0, 0.0, 0.0];[[-0.3612060512, 0.3612060512, 0.0], [0.0, -0.3612060512, 0.3612060512], [0.0, 0.0, -0.3612060512]]
151;697;145.0;62.11224;[1.0, 0.0, 0.0];[[-0.3547055368, 0.3547055368, 0.0], [0.0, -0.3547055368, 0.3547055368], [0.0, 0.0, -0.3547055368]]
152;698;145.0;62.11224;[1.0, 0.0, 0.0];[[-0.3552857734, 0.3552857734, 0.0], [0.0, -0.3552857734, 0.3552857734], [0.0, 0.0, -0.3552857734]]
153;699;145.0;62.11224;[1.0, 0.0, 0.0];[[-0.362168487, 0.362168487, 0.0], [0.0, -0.362168487, 0.362168487], [0.0, 0.0, -0.362168487]]
154;700;145.0;62.11224;[1.0, 0.0, 0.0];[[-0.3683984947, 0.3683984947, 0.0], [0.0, -0.3683984947, 0.3683984947], [0.0, 0.0, -0.3683984947]]
155;701;145.0;62.11224;[0.9949748744, 0.0, 0.0];[[-0.2507995086, 0.2507995086, 0.0], [0.0, -0.2507995086, 0.0], [0.0, 0.0, -0.1271207566]]
156;702;145.0;62.11224;[1.0, 0.0, 0.0];[[-0.3777531484, 0.3777531484, 0.0], [0.0, -0.3777531484, 0.3777531484], [0.0, 0.0, -0.3777531484]]
157;703;145.0;62.11224;[1.0, 0.0, 0.0];[[-0.3696510811, 0.3696510811, 0.0], [0.0, -0.3696510811, 0.3696510811], [0.0, 0.0, -0.3696510811]]
158;704;145.0;62.11224;[1.0, 0.0, 0.0];[[-0.3744630523, 0.3744630523, 0.0], [0.0, -0.3744630523, 0.3744630523], [0.0, 0.0, -0.3744630523]]
159;705;145.0;62.11224;[1.0, 0.0, 0.0];[[-0.3709598813, 0.3709598813, 0.0], [0.0, -0.3709598813, 0.3709598813], [0.0, 0.0, -0.3709598813]]
160;706;145.0;62.11224;[1.0, 0.0, 0.0];[[-0.3729582899, 0.3729582899, 0.0], [0.0, -0.3729582899, 0.3729582899], [0.0, 0.0, -0.3729582899]]
161;707;145.0;62.11224;[1.0, 0.0, 0.0];[[-0.3679657234, 0.3679657234, 0.0], [0.0, -0.3679657234, 0.3679657234], [0.0, 0.0, -0.3679657234]]
162;708;145.0;62.11224;[1.0, 0.0, 0.0];[[-0.3829115479, 0.3829115479, 0.0], [0.0, -0.3829115479, 0.3829115479], [0.0, 0.0, -0.3829115479]]
163;709;145.0;62.11224;[1.0, 0.0, 0.0];[[-0.3689952261, 0.3689952261, 0.0], [0.0, -0.3689952261, 0.3689952261], [0.0, 0.0, -0.3689952261]]
164;710;145.0;62.11224;[1.0, 0.0, 0.0];[[-0.3668543131, 0.3668543131, 0.0], [0.0, -0.3668543131, 0.3668543131], [0.0, 0.0, -0.3668543131]]
165;711;145.0;62.11224;[1.0, 0.0, 0.0];[[-0.3728346695, 0.3728346695, 0.0], [0.0, -0.3728346695, 0.3728346695], [0.0, 0.0, -0.3728346695]]
166;712;145.0;62.11224;[1.0, 0.0, 0.0];[[-0.3593194981, 0.3593194981, 0.0], [0.0, -0.3593194981, 0.3593194981], [0.0, 0.0, -0.3593194981]]
167;713;145.0;62.11224;[1.0, 0.0, 0.0];[[-0.3660562962, 0.3660562962, 0.0], [0.0, -0.3660562962, 0.3660562962], [0.0, 0.0, -0.3660562962]]
168;714;145.0;62.11224;[1.0, 0.0, 0.0];[[-0.3657682833, 0.3657682833, 0.0], [0.0, -0.3657682833, 0.3657682833], [0.0, 0.0, -0.3657682833]]
169;715;145.0;62.11224;[1.0, 0.0, 0.0];[[-0.3634879043, 0.3634879043, 0.0], [0.0, -0.3634879043, 0.3634879043], [0.0, 0.0, -0.3634879043]]
170;716;145.0;62.11224;[1.0, 0.0, 0.0];[[-0.3730541282, 0.3730541282, 0.0], [0.0, -0.3730541282, 0.3730541282], [0.0, 0.0, -0.3730541282]]
171;717;145.0;62.11224;[1.0, 0.0, 0.0];[[-0.3542013565, 0.3542013565, 0.0], [0.0, -0.3542013565, 0.3542013565], [0.0, 0.0, -0.3542013565]]
172;718;145.0;62.11224;[1.0, 0.0, 0.0];[[-0.3708532534, 0.3708532534, 0.0], [0.0, -0.3708532534, 0.3708532534], [0.0, 0.0, -0.3708532534]]
173;719;145.0;62.11224;[1.0, 0.0, 0.0];[[-0.3740763772, 0.3740763772, 0.0], [0.0, -0.3740763772, 0.3740763772], [0.0, 0.0, -0.3740763772]]
174;720;145.0;62.11224;[1.0, 0.0, 0.0];[[-0.3762597184, 0.3762597184, 0.0], [0.0, -0.3762597184, 0.3762597184], [0.0, 0.0, -0.3762597184]]
175;721;145.0;62.11224;[1.0, 0.0, 0.0];[[-0.3602739598, 0.3602739598, 0.0], [0.0, -0.3602739598, 0.3602739598], [0.0, 0.0, -0.3602739598]]
176;722;145.0;62.11224;[1.0, 0.0, 0.0];[[-0.3840819036, 0.3840819036, 0.0], [0.0, -0.3840819036, 0.3840819036], [0.0, 0.0, -0.3840819036]]
177;723;145.0;62.11224;[1.0, 0.0, 0.0];[[-0.3615023518, 0.3615023518, 0.0], [0.0, -0.3615023518, 0.3615023518], [0.0, 0.0, -0.3615023518]]
178;724;145.0;62.11224;[1.0, 0.0, 0.0];[[-0.3770382429, 0.3770382429, 0.0], [0.0, -0.3770382429, 0.3770382429], [0.0, 0.0, -0.3770382429]]
179;725;145.0;62.11224;[1.0, 0.0, 0.0];[[-0.3743002913, 0.3743002913, 0.0], [0.0, -0.3743002913, 0.3743002913], [0.0, 0.0, -0.3743002913]]
180;726;145.0;62.11224;[1.0, 0.0, 0.0];[[-0.3628401359, 0.3628401359, 0.0], [0.0, -0.3628401359, 0.3628401359], [0.0, 0.0, -0.3628401359]]
181;727;145.0;62.11224;[1.0, 0.0, 0.0];[[-0.3645316164, 0.3645316164, 0.0], [0.0, -0.3645316164, 0.3645316164], [0.0, 0.0, -0.3645316164]]
182;728;145.0;62.11224;[1.0, 0.0, 0.0];[[-0.3665601443, 0.3665601443, 0.0], [0.0, -0.3665601443, 0.3665601443], [0.0, 0.0, -0.3665601443]]
183;729;145.0;62.11224;[1.0, 0.0, 0.0];[[-0.365492964, 0.365492964, 0.0], [0.0, -0.365492964, 0.365492964], [0.0, 0.0, -0.365492964]]
184;730;145.0;62.11224;[1.0, 0.0, 0.0];[[-0.3585496062, 0.3585496062, 0.0], [0.0, -0.3585496062, 0.3585496062], [0.0, 0.0, -0.3585496062]]
185;731;145.0;62.11224;[1.0, 0.0, 0.0];[[-0.3804943307, 0.3804943307, 0.0], [0.0, -0.3804943307, 0.3804943307], [0.0, 0.0, -0.3804943307]]
186;732;145.0;62.11224;[1.0, 0.0, 0.0];[[-0.3703731605, 0.3703731605, 0.0], [0.0, -0.3703731605, 0.3703731605], [0.0, 0.0, -0.3703731605]]
187;733;145.0;62.11224;[1.0, 0.0, 0.0];[[-0.3719233882, 0.3719233882, 0.0], [0.0, -0.3719233882, 0.3719233882], [0.0, 0.0, -0.3719233882]]
188;734;145.0;62.11224;[1.0, 0.0, 0.0];[[-0.3597121238, 0.3597121238, 0.0], [0.0, -0.3597121238, 0.3597121238], [0.0, 0.0, -0.3597121238]]
189;735;145.0;62.11224;[1.0, 0.0, 0.0];[[-0.3787114788, 0.3787114788, 0.0], [0.0, -0.3787114788, 0.3787114788], [0.0, 0.0, -0.3787114788]]
190;736;145.0;62.11224;[1.0, 0.0, 0.0];[[-0.3610582667, 0.3610582667, 0.0], [0.0, -0.3610582667, 0.3610582667], [0.0, 0.0, -0.3610582667]]
191;737;145.0;62.11224;[1.0, 0.0, 0.0];[[-0.3655482485, 0.3655482485, 0.0], [0.0, -0.3655482485, 0.3655482485], [0.0, 0.0, -0.3655482485]]
192;738;145.0;62.11224;[1.0, 0.0, 0.0];[[-0.3758052734, 0.3758052734, 0.0], [0.0, -0.3758052734, 0.3758052734], [0.0, 0.0, -0.3758052734]]
193;739;145.0;62.11224;[1.0, 0.0, 0.0];[[-0.3514671214, 0.3514671214, 0.0], [0.0, -0.3514671214, 0.3514671214], [0.0, 0.0, -0.3514671214]]
194;740;145.0;62.11224;[1.0, 0.0, 0.0];[[-0.3696775977, 0.3696775977, 0.0], [0.0, -0.3696775977, 0.3696775977], [0.0, 0.0, -0.3696775977]]
195;741;145.0;62.11224;[1.0, 0.0, 0.0];[[-0.359927281, 0.359927281, 0.0], [0.0, -0.359927281, 0.359927281], [0.0, 0.0, -0.359927281]]
196;742;145.0;62.11224;[1.0, 0.0, 0.0];[[-0.364920371, 0.364920371, 0.0], [0.0, -0.364920371, 0.364920371], [0.0, 0.0, -0.364920371]]
197;743;145.0;62.11224;[1.0, 0.0, 0.0];[[-0.3638851037, 0.3638851037, 0.0], [0.0, -0.3638851037, 0.3638851037], [0.0, 0.0, -0.3638851037]]
198;744;145.0;62.11224;[1.0, 0.0, 0.0];[[-0.3592351971, 0.3592351971, 0.0], [0.0, -0.3592351971, 0.3592351971], [0.0, 0.0, -0.3592351971]]
199;745;145.0;62.11224;[1.0, 0.0, 0.0];[[-0.3779943671, 0.3779943671, 0.0], [0.0, -0.3779943671, 0.3779943671], [0.0, 0.0, -0.3779943671]]
200;746;145.0;62.11224;[1.0, 0.0, 0.0];[[-0.3682291369, 0.3682291369, 0.0], [0.0, -0.3682291369, 0.3682291369], [0.0, 0.0, -0.3682291369]]
201;747;145.0;62.11224;[1.0, 0.0, 0.0];[[-0.3596807697, 0.3596807697, 0.0], [0.0, -0.3596807697, 0.3596807697], [0.0, 0.0, -0.3596807697]]
202;748;145.0;62.11224;[1.0, 0.0, 0.0];[[-0.3701324044, 0.3701324044, 0.0], [0.0, -0.3701324044, 0.3701324044], [0.0, 0.0, -0.3701324044]]
203;749;145.0;62.11224;[1.0, 0.0, 0.0];[[-0.3844186785, 0.3844186785, 0.0], [0.0, -0.3844186785, 0.3844186785], [0.0, 0.0, -0.3844186785]]
204;750;145.0;62.11224;[1.0, 0.0, 0.0];[[-0.3830925402, 0.3830925402, 0.0], [0.0, -0.3830925402, 0.3830925402], [0.0, 0.0, -0.3830925402]]
205;751;145.0;62.11224;[1.0, 0.0, 0.0];[[-0.3703294665, 0.3703294665, 0.0], [0.0, -0.3703294665, 0.3703294665], [0.0, 0.0, -0.3703294665]]
206;752;145.0;62.11224;[1.0, 0.0, 0.0];[[-0.3757971026, 0.3757971026, 0.0], [0.0, -0.3757971026, 0.3757971026], [0.0, 0.0, -0.3757971026]]
207;753;145.0;62.11224;[1.0, 0.0, 0.0];[[-0.363824817, 0.363824817, 0.0], [0.0, -0.363824817, 0.363824817], [0.0, 0.0, -0.363824817]]
208;754;145.0;62.11224;[1.0, 0.0, 0.0];[[-0.375096096, 0.375096096, 0.0], [0.0, -0.375096096, 0.375096096], [0.0, 0.0, -0.375096096]]
209;755;145.0;62.11224;[1.0, 0.0, 0.0];[[-0.3721016332, 0.3721016332, 0.0], [0.0, -0.3721016332, 0.3721016332], [0.0, 0.0, -0.3721016332]]
210;756;145.0;62.11224;[1.0, 0.0, 0.0];[[-0.3648634369, 0.3648634369, 0.0], [0.0, -0.3648634369, 0.3648634369], [0.0, 0.0, -0.3648634369]]
211;757;145.0;62.11224;[1.0, 0.0, 0.0];[[-0.3590632065, 0.3590632065, 0.0], [0.0, -0.3590632065, 0.3590632065], [0.0, 0.0, -0.3590632065]]
212;758;145.0;62.11224;[1.0, 0.0, 0.0];[[-0.3865684293, 0.3865684293, 0.0], [0.0, -0.3865684293, 0.3865684293], [0.0, 0.0, -0.3865684293]]
213;759;145.0;62.11224;[1.0, 0.0, 0.0];[[-0.2476913492, 0.2476913492, 0.0], [0.0, -0.2476913492, 0.0], [0.0, 0.0, -0.1251214429]]
214;760;145.0;62.11224;[1.0, 0.0, 0.0];[[-0.3687272797, 0.3687272797, 0.0], [0.0, -0.3687272797, 0.3687272797], [0.0, 0.0, -0.3687272797]]
215;761;145.0;62.11224;[1.0, 0.0, 0.0];[[-0.3583462478, 0.3583462478, 0.0], [0.0, -0.3583462478, 0.3583462478], [0.0, 0.0, -0.3583462478]]
216;762;145.0;62.11224;[1.0, 0.0, 0.0];[[-0.3729614625, 0.3729614625, 0.0], [0.0, -0.3729614625, 0.3729614625], [0.0, 0.0, -0.3729614625]]
217;763;145.0;62.11224;[1.0, 0.0, 0.0];[[-0.3850477094, 0.3850477094, 0.0], [0.0, -0.3850477094, 0.3850477094], [0.0, 0.0, -0.3850477094]]
218;764;145.0;62.11224;[1.0, 0.0, 0.0];[[-0.3775174007, 0.3775174007, 0.0], [0.0, -0.3775174007, 0.3775174007], [0.0, 0.0, -0.3775174007]]
219;765;145.0;62.11224;[1.0, 0.0, 0.0];[[-0.3674126469, 0.3674126469, 0.0], [0.0, -0.3674126469, 0.3674126469], [0.0, 0.0, -0.3674126469]]
220;766;145.0;62.11224;[1.0, 0.0, 0.0];[[-0.353326612, 0.353326612, 0.0], [0.0, -0.353326612, 0.353326612], [0.0, 0.0, -0.353326612]]
221;767;145.0;62.11224;[1.0, 0.0, 0.0];[[-0.3681665912, 0.3681665912, 0.0], [0.0, -0.3681665912, 0.3681665912], [0.0, 0.0, -0.3681665912]]
222;768;145.0;62.11224;[1.0, 0.0, 0.0];[[-0.3731041998, 0.3731041998, 0.0], [0.0, -0.3731041998, 0.3731041998], [0.0, 0.0, -0.3731041998]]
223;769;145.0;62.11224;[1.0, 0.0, 0.0];[[-0.3723523929, 0.3723523929, 0.0], [0.0, -0.3723523929, 0.3723523929], [0.0, 0.0, -0.3723523929]]
224;770;145.0;62.11224;[1.0, 0.0, 0.0];[[-0.3677379007, 0.3677379007, 0.0], [0.0, -0.3677379007, 0.3677379007], [0.0, 0.0, -0.3677379007]]
225;771;145.0;62.11224;[1.0, 0.0, 0.0];[[-0.3775340143, 0.3775340143, 0.0], [0.0, -0.3775340143, 0.3775340143], [0.0, 0.0, -0.3775340143]]
226;772;145.0;62.11224;[1.0, 0.0, 0.0];[[-0.3719704971, 0.3719704971, 0.0], [0.0, -0.3719704971, 0.3719704971], [0.0, 0.0, -0.3719704971]]
227;773;145.0;62.11224;[1.0, 0.0, 0.0];[[-0.3759567702, 0.3759567702, 0.0], [0.0, -0.3759567702, 0.3759567702], [0.0, 0.0, -0.3759567702]]
228;774;145.0;62.11224;[1.0, 0.0, 0.0];[[-0.3559232013, 0.3559232013, 0.0], [0.0, -0.3559232013, 0.3559232013], [0.0, 0.0, -0.3559232013]]
229;775;145.0;62.11224;[1.0, 0.0, 0.0];[[-0.3652910167, 0.3652910167, 0.0], [0.0, -0.3652910167, 0.3652910167], [0.0, 0.0, -0.3652910167]]
230;776;145.0;62.11224;[1.0, 0.0, 0.0];[[-0.371210873, 0.371210873, 0.0], [0.0, -0.371210873, 0.371210873], [0.0, 0.0, -0.371210873]]
231;777;145.0;62.11224;[1.0, 0.0, 0.0];[[-0.3729094662, 0.3729094662, 0.0], [0.0, -0.3729094662, 0.3729094662], [0.0, 0.0, -0.3729094662]]
232;778;145.0;62.11224;[1.0, 0.0, 0.0];[[-0.3807020408, 0.3807020408, 0.0], [0.0, -0.3807020408, 0.3807020408], [0.0, 0.0, -0.3807020408]]
233;779;145.0;62.11224;[1.0, 0.0, 0.0];[[-0.3678812783, 0.3678812783, 0.0], [0.0, -0.3678812783, 0.3678812783], [0.0, 0.0, -0.3678812783]]
234;780;145.0;62.11224;[1.0, 0.0, 0.0];[[-0.3678427229, 0.3678427229, 0.0], [0.0, -0.3678427229, 0.3678427229], [0.0, 0.0, -0.3678427229]]
235;781;145.0;62.11224;[1.0, 0.0, 0.0];[[-0.356427267, 0.356427267, 0.0], [0.0, -0.356427267, 0.356427267], [0.0, 0.0, -0.356427267]]
236;782;145.0;62.11224;[1.0, 0.0, 0.0];[[-0.3637509886, 0.3637509886, 0.0], [0.0, -0.3637509886, 0.3637509886], [0.0, 0.0, -0.3637509886]]
237;783;145.0;62.11224;[1.0, 0.0, 0.0];[[-0.3717440878, 0.3717440878, 0.0], [0.0, -0.3717440878, 0.3717440878], [0.0, 0.0, -0.3717440878]]
238;784;145.0;62.11224;[1.0, 0.0, 0.0];[[-0.3675795574, 0.3675795574, 0.0], [0.0, -0.3675795574, 0.3675795574], [0.0, 0.0, -0.3675795574]]
239;785;145.0;62.11224;[1.0, 0.0, 0.0];[[-0.3696998476, 0.3696998476, 0.0], [0.0, -0.3696998476, 0.3696998476], [0.0, 0.0, -0.3696998476]]
240;786;145.0;62.11224;[1.0, 0.0, 0.0];[[-0.3881022455, 0.3881022455, 0.0], [0.0, -0.3881022455, 0.3881022455], [0.0, 0.0, -0.3881022455]]
241;787;145.0;62.11224;[1.0, 0.0, 0.0];[[-0.3632631549, 0.3632631549, 0.0], [0.0, -0.3632631549, 0.3632631549], [0.0, 0.0, -0.3632631549]]
242;788;145.0;62.11224;[1.0, 0.0, 0.0];[[-0.3631793609, 0.3631793609, 0.0], [0.0, -0.3631793609, 0.3631793609], [0.0, 0.0, -0.3631793609]]
243;789;145.0;62.11224;[1.0, 0.0, 0.0];[[-0.3598776634, 0.3598776634, 0.0], [0.0, -0.3598776634, 0.3598776634], [0.0, 0.0, -0.3598776634]]
244;790;145.0;62.11224;[1.0, 0.0, 0.0];[[-0.3710356192, 0.3710356192, 0.0], [0.0, -0.3710356192, 0.3710356192], [0.0, 0.0, -0.3710356192]]
245;791;145.0;62.11224;[1.0, 0.0, 0.0];[[-0.3568323095, 0.3568323095, 0.0], [0.0, -0.3568323095, 0.3568323095], [0.0, 0.0, -0.3568323095]]
246;792;145.0;62.11224;[1.0, 0.0, 0.0];[[-0.368999826, 0.368999826, 0.0], [0.0, -0.368999826, 0.368999826], [0.0, 0.0, -0.368999826]]
247;793;145.0;62.11224;[1.0, 0.0, 0.0];[[-0.3692560301, 0.3692560301, 0.0], [0.0, -0.3692560301, 0.3692560301], [0.0, 0.0, -0.3692560301]]
248;794;145.0;62.11224;[1.0, 0.0, 0.0];[[-0.3515621027, 0.3515621027, 0.0], [0.0, -0.3515621027, 0.3515621027], [0.0, 0.0, -0.3515621027]]
249;795;145.0;62.11224;[1.0, 0.0, 0.0];[[-0.3671175895, 0.3671175895, 0.0], [0.0, -0.3671175895, 0.3671175895], [0.0, 0.0, -0.3671175895]]
250;796;145.0;62.11224;[1.0, 0.0, 0.0];[[-0.3628223587, 0.3628223587, 0.0], [0.0, -0.3628223587, 0.3628223587], [0.0, 0.0, -0.3628223587]]
251;797;145.0;62.11224;[1.0, 0.0, 0.0];[[-0.3641975047, 0.3641975047, 0.0], [0.0, -0.3641975047, 0.3641975047], [0.0, 0.0, -0.3641975047]]
252;798;145.0;62.11224;[1.0, 0.0, 0.0];[[-0.3830930291, 0.3830930291, 0.0], [0.0, -0.3830930291, 0.3830930291], [0.0, 0.0, -0.3830930291]]
253;799;145.0;62.11224;[1.0, 0.0, 0.0];[[-0.369119255, 0.369119255, 0.0], [0.0, -0.369119255, 0.369119255], [0.0, 0.0, -0.369119255]]
254;800;145.0;62.11224;[1.0, 0.0, 0.0];[[-0.3735699577, 0.3735699577, 0.0], [0.0, -0.3735699577, 0.3735699577], [0.0, 0.0, -0.3735699577]]
255;801;145.0;62.11224;[1.0, 0.0, 0.0];[[-0.3672875885, 0.3672875885, 0.0], [0.0, -0.3672875885, 0.3672875885], [0.0, 0.0, -0.3672875885]]
256;802;145.0;62.11224;[1.0, 0.0, 0.0];[[-0.2554907883, 0.2554907883, 0.0], [0.0, -0.2554907883, 0.0], [0.0, 0.0, -0.1312101708]]
257;803;145.0;62.11224;[1.0, 0.0, 0.0];[[-0.3648080428, 0.3648080428, 0.0], [0.0, -0.3648080428, 0.3648080428], [0.0, 0.0, -0.3648080428]]
258;804;145.0;62.11224;[1.0, 0.0, 0.0];[[-0.3806443396, 0.3806443396, 0.0], [0.0, -0.3806443396, 0.3806443396], [0.0, 0.0, -0.3806443396]]
259;805;145.0;62.11224;[1.0, 0.0, 0.0];[[-0.37336375, 0.37336375, 0.0], [0.0, -0.37336375, 0.37336375], [0.0, 0.0, -0.37336375]]
260;806;145.0;62.11224;[1.0, 0.0, 0.0];[[-0.3686451299, 0.3686451299, 0.0], [0.0, -0.3686451299, 0.3686451299], [0.0, 0.0, -0.3686451299]]
261;807;145.0;62.11224;[1.0, 0.0, 0.0];[[-0.3714903739, 0.3714903739, 0.0], [0.0, -0.3714903739, 0.3714903739], [0.0, 0.0, -0.3714903739]]
262;808;145.0;62.11224;[1.0, 0.0, 0.0];[[-0.3656629453, 0.3656629453, 0.0], [0.0, -0.3656629453, 0.3656629453], [0.0, 0.0, -0.3656629453]]
263;809;145.0;62.11224;[1.0, 0.0, 0.0];[[-0.3609542165, 0.3609542165, 0.0], [0.0, -0.3609542165, 0.3609542165], [0.0, 0.0, -0.3609542165]]
264;810;145.0;62.11224;[1.0, 0.0, 0.0];[[-0.3563080529, 0.3563080529, 0.0], [0.0, -0.3563080529, 0.3563080529], [0.0, 0.0, -0.3563080529]]
265;811;145.0;62.11224;[1.0, 0.0, 0.0];[[-0.3756965885, 0.3756965885, 0.0], [0.0, -0.3756965885, 0.3756965885], [0.0, 0.0, -0.3756965885]]
266;812;145.0;62.11224;[1.0, 0.0, 0.0];[[-0.3561484559, 0.3561484559, 0.0], [0.0, -0.3561484559, 0.3561484559], [0.0, 0.0, -0.3561484559]]
267;813;145.0;62.11224;[1.0, 0.0, 0.0];[[-0.37217677, 0.37217677, 0.0], [0.0, -0.37217677, 0.37217677], [0.0, 0.0, -0.37217677]]
268;814;145.0;62.11224;[1.0, 0.0, 0.0];[[-0.3606035397, 0.3606035397, 0.0], [0.0, -0.3606035397, 0.3606035397], [0.0, 0.0, -0.3606035397]]
269;815;145.0;62.11224;[1.0, 0.0, 0.0];[[-0.3569650199, 0.3569650199, 0.0], [0.0, -0.3569650199, 0.3569650199], [0.0, 0.0, -0.3569650199]]
270;816;145.0;62.11224;[1.0, 0.0, 0.0];[[-0.3668911771, 0.3668911771, 0.0], [0.0, -0.3668911771, 0.3668911771], [0.0, 0.0, -0.3668911771]]
271;817;145.0;62.11224;[1.0, 0.0, 0.0];[[-0.3639319563, 0.3639319563, 0.0], [0.0, -0.3639319563, 0.3639319563], [0.0, 0.0, -0.3639319563]]
272;818;145.0;62.11224;[1.0, 0.0, 0.0];[[-0.3755329004, 0.3755329004, 0.0], [0.0, -0.3755329004, 0.3755329004], [0.0, 0.0, -0.3755329004]]
273;819;145.0;62.11224;[1.0, 0.0, 0.0];[[-0.355258522, 0.355258522, 0.0], [0.0, -0.355258522, 0.355258522], [0.0, 0.0, -0.355258522]]
274;820;145.0;62.11224;[1.0, 0.0, 0.0];[[-0.3582990162, 0.3582990162, 0.0], [0.0, -0.3582990162, 0.3582990162], [0.0, 0.0, -0.3582990162]]
275;821;145.0;62.11224;[1.0, 0.0, 0.0];[[-0.3642851623, 0.3642851623, 0.0], [0.0, -0.3642851623, 0.3642851623], [0.0, 0.0, -0.3642851623]]
276;822;145.0;62.11224;[1.0, 0.0, 0.0];[[-0.3743724768, 0.3743724768, 0.0], [0.0, -0.3743724768, 0.3743724768], [0.0, 0.0, -0.3743724768]]
277;823;145.0;62.11224;[1.0, 0.0, 0.0];[[-0.3809783434, 0.3809783434, 0.0], [0.0, -0.3809783434, 0.3809783434], [0.0, 0.0, -0.3809783434]]
278;824;145.0;62.11224;[1.0, 0.0, 0.0];[[-0.3714161826, 0.3714161826, 0.0], [0.0, -0.3714161826, 0.3714161826], [0.0, 0.0, -0.3714161826]]
279;825;145.0;62.11224;[1.0, 0.0, 0.0];[[-0.3693160536, 0.3693160536, 0.0], [0.0, -0.3693160536, 0.3693160536], [0.0, 0.0, -0.3693160536]]
280;826;145.0;62.11224;[1.0, 0.0, 0.0];[[-0.364381279, 0.364381279, 0.0], [0.0, -0.364381279, 0.364381279], [0.0, 0.0, -0.364381279]]
281;827;145.0;62.11224;[1.0, 0.0, 0.0];[[-0.357213431, 0.357213431, 0.0], [0.0, -0.357213431, 0.357213431], [0.0, 0.0, -0.357213431]]
282;828;145.0;62.11224;[1.0, 0.0, 0.0];[[-0.2503738388, 0.2503738388, 0.0], [0.0, -0.2503738388, 0.0], [0.0, 0.0, -0.1265525996]]
283;829;145.0;62.11224;[1.0, 0.0, 0.0];[[-0.3642345166, 0.3642345166, 0.0], [0.0, -0.3642345166, 0.3642345166], [0.0, 0.0, -0.3642345166]]
284;830;145.0;62.11224;[1.0, 0.0, 0.0];[[-0.3751786061, 0.3751786061, 0.0], [0.0, -0.3751786061, 0.3751786061], [0.0, 0.0, -0.3751786061]]
285;831;145.0;62.11224;[1.0, 0.0, 0.0];[[-0.3712893144, 0.3712893144, 0.0], [0.0, -0.3712893144, 0.3712893144], [0.0, 0.0, -0.3712893144]]
286;832;145.0;62.11224;[1.0, 0.0, 0.0];[[-0.3779803143, 0.3779803143, 0.0], [0.0, -0.3779803143, 0.3779803143], [0.0, 0.0, -0.3779803143]]
287;833;145.0;62.11224;[1.0, 0.0, 0.0];[[-0.3699792502, 0.3699792502, 0.0], [0.0, -0.3699792502, 0.3699792502], [0.0, 0.0, -0.3699792502]]
288;834;145.0;62.11224;[1.0, 0.0, 0.0];[[-0.244286716, 0.244286716, 0.0], [0.0, -0.244286716, 0.0], [0.0, 0.0, -0.1234713321]]
289;835;145.0;62.11224;[1.0, 0.0, 0.0];[[-0.3732359524, 0.3732359524, 0.0], [0.0, -0.3732359524, 0.3732359524], [0.0, 0.0, -0.3732359524]]
290;836;145.0;62.11224;[1.0, 0.0, 0.0];[[-0.2477725419, 0.2477725419, 0.0], [0.0, -0.2477725419, 0.0], [0.0, 0.0, -0.1254060851]]
291;837;145.0;62.11224;[1.0, 0.0, 0.0];[[-0.378165627, 0.378165627, 0.0], [0.0, -0.378165627, 0.378165627], [0.0, 0.0, -0.378165627]]
292;838;145.0;62.11224;[1.0, 0.0, 0.0];[[-0.3600197552, 0.3600197552, 0.0], [0.0, -0.3600197552, 0.3600197552], [0.0, 0.0, -0.3600197552]]
293;839;145.0;62.11224;[1.0, 0.0, 0.0];[[-0.3655398067, 0.3655398067, 0.0], [0.0, -0.3655398067, 0.3655398067], [0.0, 0.0, -0.3655398067]]
294;840;145.0;62.11224;[1.0, 0.0, 0.0];[[-0.36103521, 0.36103521, 0.0], [0.0, -0.36103521, 0.36103521], [0.0, 0.0, -0.36103521]]
295;841;145.0;62.11224;[1.0, 0.0, 0.0];[[-0.3761329069, 0.3761329069, 0.0], [0.0, -0.3761329069, 0.3761329069], [0.0, 0.0, -0.3761329069]]
296;842;145.0;62.11224;[1.0, 0.0, 0.0];[[-0.3771178272, 0.3771178272, 0.0], [0.0, -0.3771178272, 0.3771178272], [0.0, 0.0, -0.3771178272]]
297;843;145.0;62.11224;[1.0, 0.0, 0.0];[[-0.367679728, 0.367679728, 0.0], [0.0, -0.367679728, 0.367679728], [0.0, 0.0, -0.367679728]]
298;844;145.0;62.11224;[1.0, 0.0, 0.0];[[-0.3583935006, 0.3583935006, 0.0], [0.0, -0.3583935006, 0.3583935006], [0.0, 0.0, -0.3583935006]]
299;845;145.0;62.11224;[1.0, 0.0, 0.0];[[-0.3621424166, 0.3621424166, 0.0], [0.0, -0.3621424166, 0.3621424166], [0.0, 0.0, -0.3621424166]]
300;846;145.0;62.11224;[1.0, 0.0, 0.0];[[-0.3606156139, 0.3606156139, 0.0], [0.0, -0.3606156139, 0.3606156139], [0.0, 0.0, -0.3606156139]]
301;847;145.0;62.11224;[1.0, 0.0, 0.0];[[-0.3778424806, 0.3778424806, 0.0], [0.0, -0.3778424806, 0.3778424806], [0.0, 0.0, -0.3778424806]]
302;848;145.0;62.11224;[1.0, 0.0, 0.0];[[-0.3720083485, 0.3720083485, 0.0], [0.0, -0.3720083485, 0.3720083485], [0.0, 0.0, -0.3720083485]]
303;849;145.0;62.11224;[1.0, 0.0, 0.0];[[-0.3663324714, 0.3663324714, 0.0], [0.0, -0.3663324714, 0.3663324714], [0.0, 0.0, -0.3663324714]]
304;850;145.0;62.11224;[1.0, 0.0, 0.0];[[-0.3720994369, 0.3720994369, 0.0], [0.0, -0.3720994369, 0.3720994369], [0.0, 0.0, -0.3720994369]]
305;851;145.0;62.11224;[1.0, 0.0, 0.0];[[-0.3625963207, 0.3625963207, 0.0], [0.0, -0.3625963207, 0.3625963207], [0.0, 0.0, -0.3625963207]]
306;852;145.0;62.11224;[1.0, 0.0, 0.0];[[-0.3681395997, 0.3681395997, 0.0], [0.0, -0.3681395997, 0.3681395997], [0.0, 0.0, -0.3681395997]]
307;853;145.0;62.11224;[1.0, 0.0, 0.0];[[-0.3734018542, 0.3734018542, 0.0], [0.0, -0.3734018542, 0.3734018542], [0.0, 0.0, -0.3734018542]]
308;854;145.0;62.11224;[1.0, 0.0, 0.0];[[-0.360854843, 0.360854843, 0.0], [0.0, -0.360854843, 0.360854843], [0.0, 0.0, -0.360854843]]
309;855;145.0;62.11224;[1.0, 0.0, 0.0];[[-0.3606321367, 0.3606321367, 0.0], [0.0, -0.3606321367, 0.3606321367], [0.0, 0.0, -0.3606321367]]
310;856;145.0;62.11224;[1.0, 0.0, 0.0];[[-0.369483516, 0.369483516, 0.0], [0.0, -0.369483516, 0.369483516], [0.0, 0.0, -0.369483516]]
311;857;145.0;62.11224;[1.0, 0.0, 0.0];[[-0.3770210371, 0.3770210371, 0.0], [0.0, -0.3770210371, 0.3770210371], [0.0, 0.0, -0.3770210371]]
312;858;145.0;62.11224;[1.0, 0.0, 0.0];[[-0.3604533582, 0.3604533582, 0.0], [0.0, -0.3604533582, 0.3604533582], [0.0, 0.0, -0.3604533582]]
313;859;145.0;62.11224;[1.0, 0.0, 0.0];[[-0.3576963863, 0.3576963863, 0.0], [0.0, -0.3576963863, 0.3576963863], [0.0, 0.0, -0.3576963863]]
314;860;145.0;62.11224;[1.0, 0.0, 0.0];[[-0.3621585212, 0.3621585212, 0.0], [0.0, -0.3621585212, 0.3621585212], [0.0, 0.0, -0.3621585212]]
315;861;145.0;62.11224;[1.0, 0.0, 0.0];[[-0.3694620769, 0.3694620769, 0.0], [0.0, -0.3694620769, 0.3694620769], [0.0, 0.0, -0.3694620769]]
316;862;145.0;62.11224;[1.0, 0.0, 0.0];[[-0.3543955652, 0.3543955652, 0.0], [0.0, -0.3543955652, 0.3543955652], [0.0, 0.0, -0.3543955652]]
317;863;145.0;62.11224;[1.0, 0.0, 0.0];[[-0.3608386198, 0.3608386198, 0.0], [0.0, -0.3608386198, 0.3608386198], [0.0, 0.0, -0.3608386198]]
318;864;145.0;62.11224;[1.0, 0.0, 0.0];[[-0.3777610168, 0.3777610168, 0.0], [0.0, -0.3777610168, 0.3777610168], [0.0, 0.0, -0.3777610168]]
319;865;145.0;62.11224;[1.0, 0.0, 0.0];[[-0.3657229058, 0.3657229058, 0.0], [0.0, -0.3657229058, 0.3657229058], [0.0, 0.0, -0.3657229058]]
320;866;145.0;62.11224;[1.0, 0.0, 0.0];[[-0.3572924145, 0.3572924145, 0.0], [0.0, -0.3572924145, 0.3572924145], [0.0, 0.0, -0.3572924145]]
321;867;145.0;62.11224;[1.0, 0.0, 0.0];[[-0.3779794966, 0.3779794966, 0.0], [0.0, -0.3779794966, 0.3779794966], [0.0, 0.0, -0.3779794966]]
322;868;145.0;62.11224;[1.0, 0.0, 0.0];[[-0.3703783607, 0.3703783607, 0.0], [0.0, -0.3703783607, 0.3703783607], [0.0, 0.0, -0.3703783607]]
323;869;145.0;62.11224;[1.0, 0.0, 0.0];[[-0.3596730927, 0.3596730927, 0.0], [0.0, -0.3596730927, 0.3596730927], [0.0, 0.0, -0.3596730927]]
324;870;145.0;62.11224;[1.0, 0.0, 0.0];[[-0.2566431378, 0.2566431378, 0.0], [0.0, -0.2566431378, 0.0], [0.0, 0.0, -0.1300566631]]
325;871;145.0;62.11224;[1.0, 0.0, 0.0];[[-0.371988427, 0.371988427, 0.0], [0.0, -0.371988427, 0.371988427], [0.0, 0.0, -0.371988427]]
326;872;145.0;62.11224;[1.0, 0.0, 0.0];[[-0.2535295476, 0.2535295476, 0.0], [0.0, -0.2535295476, 0.0], [0.0, 0.0, -0.1290975324]]
327;873;145.0;62.11224;[1.0, 0.0, 0.0];[[-0.3617349874, 0.3617349874, 0.0], [0.0, -0.3617349874, 0.3617349874], [0.0, 0.0, -0.3617349874]]
328;874;145.0;62.11224;[1.0, 0.0, 0.0];[[-0.3687464106, 0.3687464106, 0.0], [0.0, -0.3687464106, 0.3687464106], [0.0, 0.0, -0.3687464106]]
329;875;145.0;62.11224;[1.0, 0.0, 0.0];[[-0.3700502198, 0.3700502198, 0.0], [0.0, -0.3700502198, 0.3700502198], [0.0, 0.0, -0.3700502198]]
330;876;145.0;62.11224;[1.0, 0.0, 0.0];[[-0.3681875197, 0.3681875197, 0.0], [0.0, -0.3681875197, 0.3681875197], [0.0, 0.0, -0.3681875197]]
331;877;145.0;62.11224;[1.0, 0.0, 0.0];[[-0.3603941847, 0.3603941847, 0.0], [0.0, -0.3603941847, 0.3603941847], [0.0, 0.0, -0.3603941847]]
332;878;145.0;62.11224;[1.0, 0.0, 0.0];[[-0.3582323152, 0.3582323152, 0.0], [0.0, -0.3582323152, 0.3582323152], [0.0, 0.0, -0.3582323152]]
333;879;145.0;62.11224;[1.0, 0.0, 0.0];[[-0.3710153537, 0.3710153537, 0.0], [0.0, -0.3710153537, 0.3710153537], [0.0, 0.0, -0.3710153537]]
334;880;145.0;62.11224;[1.0, 0.0, 0.0];[[-0.3800185555, 0.3800185555, 0.0], [0.0, -0.3800185555, 0.3800185555], [0.0, 0.0, -0.3800185555]]
335;881;145.0;62.11224;[1.0, 0.0, 0.0];[[-0.3558879243, 0.3558879243, 0.0], [0.0, -0.3558879243, 0.3558879243], [0.0, 0.0, -0.3558879243]]
336;882;145.0;62.11224;[1.0, 0.0, 0.0];[[-0.3630317461, 0.3630317461, 0.0], [0.0, -0.3630317461, 0.3630317461], [0.0, 0.0, -0.3630317461]]
337;883;145.0;62.11224;[1.0, 0.0, 0.0];[[-0.3539088771, 0.3539088771, 0.0], [0.0, -0.3539088771, 0.3539088771], [0.0, 0.0, -0.3539088771]]
338;884;145.0;62.11224;[1.0, 0.0, 0.0];[[-0.3675693919, 0.3675693919, 0.0], [0.0, -0.3675693919, 0.3675693919], [0.0, 0.0, -0.3675693919]]
339;885;145.0;62.11224;[1.0, 0.0, 0.0];[[-0.3724649123, 0.3724649123, 0.0], [0.0, -0.3724649123, 0.3724649123], [0.0, 0.0, -0.3724649123]]
340;886;145.0;62.11224;[1.0, 0.0, 0.0];[[-0.3641468912, 0.3641468912, 0.0], [0.0, -0.3641468912, 0.3641468912], [0.0, 0.0, -0.3641468912]]
341;887;145.0;62.11224;[1.0, 0.0, 0.0];[[-0.3739755683, 0.3739755683, 0.0], [0.0, -0.3739755683, 0.3739755683], [0.0, 0.0, -0.3739755683]]
342;888;145.0;62.11224;[1.0, 0.0, 0.0];[[-0.2455054476, 0.2455054476, 0.0], [0.0, -0.2455054476, 0.0], [0.0, 0.0, -0.1238128353]]
343;889;145.0;62.11224;[1.0, 0.0, 0.0];[[-0.3595264292, 0.3595264292, 0.0], [0.0, -0.3595264292, 0.3595264292], [0.0, 0.0, -0.3595264292]]
344;890;145.0;62.11224;[1.0, 0.0, 0.0];[[-0.3555206855, 0.3555206855, 0.0], [0.0, -0.3555206855, 0.3555206855], [0.0, 0.0, -0.3555206855]]
345;891;145.0;62.11224;[1.0, 0.0, 0.0];[[-0.358835204, 0.358835204, 0.0], [0.0, -0.358835204, 0.358835204], [0.0, 0.0, -0.358835204]]
346;892;145.0;62.11224;[1.0, 0.0, 0.0];[[-0.3695782727, 0.3695782727, 0.0], [0.0, -0.3695782727, 0.3695782727], [0.0, 0.0, -0.3695782727]]
347;893;145.0;62.11224;[1.0, 0.0, 0.0];[[-0.3702525744, 0.3702525744, 0.0], [0.0, -0.3702525744, 0.3702525744], [0.0, 0.0, -0.3702525744]]
348;894;145.0;62.11224;[1.0, 0.0, 0.0];[[-0.3653713445, 0.3653713445, 0.0], [0.0, -0.3653713445, 0.3653713445], [0.0, 0.0, -0.3653713445]]
349;895;145.0;62.11224;[1.0, 0.0, 0.0];[[-0.3693318112, 0.3693318112, 0.0], [0.0, -0.3693318112, 0.3693318112], [0.0, 0.0, -0.3693318112]]
350;896;145.0;62.11224;[1.0, 0.0, 0.0];[[-0.3663772388, 0.3663772388, 0.0], [0.0, -0.3663772388, 0.3663772388], [0.0, 0.0, -0.3663772388]]
351;897;145.0;62.11224;[1.0, 0.0, 0.0];[[-0.2498796364, 0.2498796364, 0.0], [0.0, -0.2498796364, 0.0], [0.0, 0.0, -0.1299110326]]
352;898;145.0;62.11224;[1.0, 0.0, 0.0];[[-0.3676539289, 0.3676539289, 0.0], [0.0, -0.3676539289, 0.3676539289], [0.0, 0.0, -0.3676539289]]
353;899;145.0;62.11224;[1.0, 0.0, 0.0];[[-0.3857923115, 0.3857923115, 0.0], [0.0, -0.3857923115, 0.3857923115], [0.0, 0.0, -0.3857923115]]
354;900;145.0;62.11224;[1.0, 0.0, 0.0];[[-0.3658842556, 0.3658842556, 0.0], [0.0, -0.3658842556, 0.3658842556], [0.0, 0.0, -0.3658842556]]
355;901;145.0;62.11224;[1.0, 0.0, 0.0];[[-0.374496708, 0.374496708, 0.0], [0.0, -0.374496708, 0.374496708], [0.0, 0.0, -0.374496708]]
356;902;145.0;62.11224;[1.0, 0.0, 0.0];[[-0.3650705012, 0.3650705012, 0.0], [0.0, -0.3650705012, 0.3650705012], [0.0, 0.0, -0.3650705012]]
357;903;145.0;62.11224;[1.0, 0.0, 0.0];[[-0.3682519593, 0.3682519593, 0.0], [0.0, -0.3682519593, 0.3682519593], [0.0, 0.0, -0.3682519593]]
358;904;145.0;62.11224;[1.0, 0.0, 0.0];[[-0.3527850813, 0.3527850813, 0.0], [0.0, -0.3527850813, 0.3527850813], [0.0, 0.0, -0.3527850813]]
359;905;145.0;62.11224;[1.0, 0.0, 0.0];[[-0.3649682045, 0.3649682045, 0.0], [0.0, -0.3649682045, 0.3649682045], [0.0, 0.0, -0.3649682045]]
360;906;145.0;62.11224;[1.0, 0.0, 0.0];[[-0.3736239915, 0.3736239915, 0.0], [0.0, -0.3736239915, 0.3736239915], [0.0, 0.0, -0.3736239915]]
