1;547;145.0;62.11224;[1.0, 0.0, 0.0];[[-0.4672073826, 0.4672073826, 0.0], [0.0, -0.4672073826, 0.4672073826], [0.0, 0.0, -0.4672073826]]
2;548;145.0;62.11224;[1.0, 0.0, 0.0];[[-0.4620482894, 0.4620482894, 0.0], [0.0, -0.4620482894, 0.4620482894], [0.0, 0.0, -0.4620482894]]
3;549;145.0;62.11224;[1.0, 0.0, 0.0];[[-0.4554471424, 0.4554471424, 0.0], [0.0, -0.4554471424, 0.4554471424], [0.0, 0.0, -0.4554471424]]
4;550;145.0;62.11224;[1.0, 0.0, 0.0];[[-0.4578544522, 0.4578544522, 0.0], [0.0, -0.4578544522, 0.4578544522], [0.0, 0.0, -0.4578544522]]
5;551;145.0;62.11224;[1.0, 0.0, 0.0];[[-0.4540877002, 0.4540877002, 0.0], [0.0, -0.4540877002, 0.4540877002], [0.0, 0.0, -0.4540877002]]
6;552;145.0;62.11224;[1.0, 0.0, 0.0];[[-0.4577978229, 0.4577978229, 0.0], [0.0, -0.4577978229, 0.4577978229], [0.0, 0.0, -0.4577978229]]
7;553;145.0;62.11224;[1.0, 0.0, 0.0];[[-0.4378620703, 0.4378620703, 0.0], [0.0, -0.4378620703, 0.4378620703], [0.0, 0.0, -0.4378620703]]
8;554;145.0;62.11224;[1.0, 0.0, 0.0];[[-0.4594969666, 0.4594969666, 0.0], [0.0, -0.4594969666, 0.4594969666], [0.0, 0.0, -0.4594969666]]
9;555;145.0;62.11224;[1.0, 0.0, 0.0];[[-0.4553617172, 0.4553617172, 0.0], [0.0, -0.4553617172, 0.4553617172], [0.0, 0.0, -0.4553617172]]
10;556;145.0;62.11224;[1.0, 0.0, 0.0];[[-0.4745656897, 0.4745656897, 0.0], [0.0, -0.4745656897, 0.4745656897], [0.0, 0.0, -0.4745656897]]
11;557;145.0;62.11224;[1.0, 0.0, 0.0];[[-0.4495570224, 0.4495570224, 0.0], [0.0, -0.4495570224, 0.4495570224], [0.0, 0.0, -0.4495570224]]
12;558;145.0;62.11224;[1.0, 0.0, 0.0];[[-0.463730826, 0.463730826, 0.0], [0.0, -0.463730826, 0.463730826], [0.0, 0.0, -0.463730826]]
13;559;145.0;62.11224;[1.0, 0.0, 0.0];[[-0.4637312905, 0.4637312905, 0.0], [0.0, -0.4637312905, 0.4637312905], [0.0, 0.0, -0.4637312905]]
14;560;145.0;62.11224;[1.0, 0.0, 0.0];[[-0.4540659932, 0.4540659932, 0.0], [0.0, -0.4540659932, 0.4540659932], [0.0, 0.0, -0.4540659932]]
15;561;145.0;62.11224;[1.0, 0.0, 0.0];[[-0.4621809555, 0.4621809555, 0.0], [0.0, -0.4621809555, 0.4621809555], [0.0, 0.0, -0.4621809555]]
16;562;145.0;62.11224;[1.0, 0.0, 0.0];[[-0.4555026544, 0.4555026544, 0.0], [0.0, -0.4555026544, 0.4555026544], [0.0, 0.0, -0.4555026544]]
17;563;145.0;62.11224;[1.0, 0.0, 0.0];[[-0.456548082, 0.456548082, 0.0], [0.0, -0.456548082, 0.456548082], [0.0, 0.0, -0.456548082]]
18;564;145.0;62.11224;[1.0, 0.0, 0.0];[[-0.4612417061, 0.4612417061, 0.0], [0.0, -0.4612417061, 0.4612417061], [0.0, 0.0, -0.4612417061]]
19;565;145.0;62.11224;[1.0, 0.0, 0.0];[[-0.4713710677, 0.4713710677, 0.0], [0.0, -0.4713710677, 0.4713710677], [0.0, 0.0, -0.4713710677]]
20;566;145.0;62.11224;[1.0, 0.0, 0.0];[[-0.4403131699, 0.4403131699, 0.0], [0.0, -0.4403131699, 0.4403131699], [0.0, 0.0, -0.4403131699]]
21;567;145.0;62.11224;[1.0, 0.0, 0.0];[[-0.4606357965, 0.4606357965, 0.0], [0.0, -0.4606357965, 0.4606357965], [0.0, 0.0, -0.4606357965]]
22;568;145.0;62.11224;[1.0, 0.0, 0.0];[[-0.4538269396, 0.4538269396, 0.0], [0.0, -0.4538269396, 0.4538269396], [0.0, 0.0, -0.4538269396]]
23;569;145.0;62.11224;[1.0, 0.0, 0.0];[[-0.4677875018, 0.4677875018, 0.0], [0.0, -0.4677875018, 0.4677875018], [0.0, 0.0, -0.4677875018]]
24;570;145.0;62.11224;[1.0, 0.0, 0.0];[[-0.4601526612, 0.4601526612, 0.0], [0.0, -0.4601526612, 0.4601526612], [0.0, 0.0, -0.4601526612]]
25;571;145.0;62.11224;[1.0, 0.0, 0.0];[[-0.4675207247, 0.4675207247, 0.0], [0.0, -0.4675207247, 0.4675207247], [0.0, 0.0, -0.4675207247]]
26;572;145.0;62.11224;[1.0, 0.0, 0.0];[[-0.4625201301, 0.4625201301, 0.0], [0.0, -0.4625201301, 0.4625201301], [0.0, 0.0, -0.4625201301]]
27;573;145.0;62.11224;[1.0, 0.0, 0.0];[[-0.4725155086, 0.4725155086, 0.0], [0.0, -0.4725155086, 0.4725155086], [0.0, 0.0, -0.4725155086]]
28;574;145.0;62.11224;[1.0, 0.0, 0.0];[[-0.4646589662, 0.4646589662, 0.0], [0.0, -0.4646589662, 0.4646589662], [0.0, 0.0, -0.4646589662]]
29;575;145.0;62.11224;[1.0, 0.0, 0.0];[[-0.4623946765, 0.4623946765, 0.0], [0.0, -0.4623946765, 0.4623946765], [0.0, 0.0, -0.4623946765]]
30;576;145.0;62.11224;[1.0, 0.0, 0.0];[[-0.4482107449, 0.4482107449, 0.0], [0.0, -0.4482107449, 0.4482107449], [0.0, 0.0, -0.4482107449]]
31;577;145.0;62.11224;[1.0, 0.0, 0.0];[[-0.4571480495, 0.4571480495, 0.0], [0.0, -0.4571480495, 0.4571480495], [0.0, 0.0, -0.4571480495]]
32;578;145.0;62.11224;[1.0, 0.0, 0.0];[[-0.4752779437, 0.4752779437, 0.0], [0.0, -0.4752779437, 0.4752779437], [0.0, 0.0, -0.4752779437]]
33;579;145.0;62.11224;[1.0, 0.0, 0.0];[[-0.4394973632, 0.4394973632, 0.0], [0.0, -0.4394973632, 0.4394973632], [0.0, 0.0, -0.4394973632]]
34;580;145.0;62.11224;[1.0, 0.0, 0.0];[[-0.4603004737, 0.4603004737, 0.0], [0.0, -0.4603004737, 0.4603004737], [0.0, 0.0, -0.4603004737]]
35;581;145.0;62.11224;[1.0, 0.0, 0.0];[[-0.4607371983, 0.4607371983, 0.0], [0.0, -0.4607371983, 0.4607371983], [0.0, 0.0, -0.4607371983]]
36;582;145.0;62.11224;[1.0, 0.0, 0.0];[[-0.4540692693, 0.4540692693, 0.0], [0.0, -0.4540692693, 0.4540692693], [0.0, 0.0, -0.4540692693]]
37;583;145.0;62.11224;[1.0, 0.0, 0.0];[[-0.4740771065, 0.4740771065, 0.0], [0.0, -0.4740771065, 0.4740771065], [0.0, 0.0, -0.4740771065]]
38;584;145.0;62.11224;[1.0, 0.0, 0.0];[[-0.3020268032, 0.3020268032, 0.0], [0.0, -0.3020268032, 0.0], [0.0, 0.0, -0.1563901033]]
39;585;145.0;62.11224;[1.0, 0.0, 0.0];[[-0.4641806504, 0.4641806504, 0.0], [0.0, -0.4641806504, 0.4641806504], [0.0, 0.0, -0.4641806504]]
40;586;145.0;62.11224;[1.0, 0.0, 0.0];[[-0.4593423628, 0.4593423628, 0.0], [0.0, -0.4593423628, 0.4593423628], [0.0, 0.0, -0.4593423628]]
41;587;145.0;62.11224;[1.0, 0.0, 0.0];[[-0.4544957073, 0.4544957073, 0.0], [0.0, -0.4544957073, 0.4544957073], [0.0, 0.0, -0.4544957073]]
42;588;145.0;62.11224;[1.0, 0.0, 0.0];[[-0.4634880658, 0.4634880658, 0.0], [0.0, -0.4634880658, 0.4634880658], [0.0, 0.0, -0.4634880658]]
43;589;145.0;62.11224;[1.0, 0.0, 0.0];[[-0.4499251874, 0.4499251874, 0.0], [0.0, -0.4499251874, 0.4499251874], [0.0, 0.0, -0.4499251874]]
44;590;145.0;62.11224;[1.0, 0.0, 0.0];[[-0.3070620559, 0.3070620559, 0.0], [0.0, -0.3070620559, 0.0], [0.0, 0.0, -0.1592082733]]
45;591;145.0;62.11224;[1.0, 0.0, 0.0];[[-0.4628984175, 0.4628984175, 0.0], [0.0, -0.4628984175, 0.4628984175], [0.0, 0.0, -0.4628984175]]
46;592;145.0;62.11224;[1.0, 0.0, 0.0];[[-0.4681923447, 0.4681923447, 0.0], [0.0, -0.4681923447, 0.4681923447], [0.0, 0.0, -0.4681923447]]
47;593;145.0;62.11224;[1.0, 0.0, 0.0];[[-0.4578320077, 0.4578320077, 0.0], [0.0, -0.4578320077, 0.4578320077], [0.0, 0.0, -0.4578320077]]
48;594;145.0;62.11224;[1.0, 0.0, 0.0];[[-0.4626936889, 0.4626936889, 0.0], [0.0, -0.4626936889, 0.4626936889], [0.0, 0.0, -0.4626936889]]
49;595;145.0;62.11224;[0.995039742, 0.0, 0.004960258];[[-0.3085975982, 0.3085975982, 0.0], [0.0, -0.3085975982, 0.0], [0.0, 0.0, -63.1770727554]]
50;596;145.0;62.11224;[1.0, 0.0, 0.0];[[-0.4544298034, 0.4544298034, 0.0], [0.0, -0.4544298034, 0.4544298034], [0.0, 0.0, -0.4544298034]]
51;597;145.0;62.11224;[1.0, 0.0, 0.0];[[-0.4694611259, 0.4694611259, 0.0], [0.0, -0.4694611259, 0.4694611259], [0.0, 0.0, -0.4694611259]]
52;598;145.0;62.11224;[1.0, 0.0, 0.0];[[-0.455816453, 0.455816453, 0.0], [0.0, -0.455816453, 0.455816453], [0.0, 0.0, -0.455816453]]
53;599;145.0;62.11224;[1.0, 0.0, 0.0];[[-0.464028541, 0.464028541, 0.0], [0.0, -0.464028541, 0.464028541], [0.0, 0.0, -0.464028541]]
54;600;145.0;62.11224;[1.0, 0.0, 0.0];[[-0.4726809805, 0.4726809805, 0.0], [0.0, -0.4726809805, 0.4726809805], [0.0, 0.0, -0.4726809805]]
55;601;145.0;62.11224;[1.0, 0.0, 0.0];[[-0.442310535, 0.442310535, 0.0], [0.0, -0.442310535, 0.442310535], [0.0, 0.0, -0.442310535]]
56;602;145.0;62.11224;[1.0, 0.0, 0.0];[[-0.4743483088, 0.4743483088, 0.0], [0.0, -0.4743483088, 0.4743483088], [0.0, 0.0, -0.4743483088]]
57;603;145.0;62.11224;[1.0, 0.0, 0.0];[[-0.4588138603, 0.4588138603, 0.0], [0.0, -0.4588138603, 0.4588138603], [0.0, 0.0, -0.4588138603]]
58;604;145.0;62.11224;[1.0, 0.0, 0.0];[[-0.47137261, 0.47137261, 0.0], [0.0, -0.47137261, 0.47137261], [0.0, 0.0, -0.47137261]]
59;605;145.0;62.11224;[1.0, 0.0, 0.0];[[-0.4523463953, 0.4523463953, 0.0], [0.0, -0.4523463953, 0.4523463953], [0.0, 0.0, -0.4523463953]]
60;606;145.0;62.11224;[1.0, 0.0, 0.0];[[-0.4657911792, 0.4657911792, 0.0], [0.0, -0.4657911792, 0.4657911792], [0.0, 0.0, -0.4657911792]]
61;607;145.0;62.11224;[1.0, 0.0, 0.0];[[-0.4646066683, 0.4646066683, 0.0], [0.0, -0.4646066683, 0.4646066683], [0.0, 0.0, -0.4646066683]]
62;608;145.0;62.11224;[1.0, 0.0, 0.0];[[-0.4763221172, 0.4763221172, 0.0], [0.0, -0.4763221172, 0.4763221172], [0.0, 0.0, -0.4763221172]]
63;609;145.0;62.11224;[1.0, 0.0, 0.0];[[-0.4711814102, 0.4711814102, 0.0], [0.0, -0.4711814102, 0.4711814102], [0.0, 0.0, -0.4711814102]]
64;610;145.0;62.11224;[1.0, 0.0, 0.0];[[-0.457972792, 0.457972792, 0.0], [0.0, -0.457972792, 0.457972792], [0.0, 0.0, -0.457972792]]
65;611;145.0;62.11224;[1.0, 0.0, 0.0];[[-0.4486279824, 0.4486279824, 0.0], [0.0, -0.4486279824, 0.4486279824], [0.0, 0.0, -0.4486279824]]
66;612;145.0;62.11224;[1.0, 0.0, 0.0];[[-0.4538349133, 0.4538349133, 0.0], [0.0, -0.4538349133, 0.4538349133], [0.0, 0.0, -0.4538349133]]
67;613;145.0;62.11224;[1.0, 0.0, 0.0];[[-0.4585471212, 0.4585471212, 0.0], [0.0, -0.4585471212, 0.4585471212], [0.0, 0.0, -0.4585471212]]
68;614;145.0;62.11224;[1.0, 0.0, 0.0];[[-0.4554959766, 0.4554959766, 0.0], [0.0, -0.4554959766, 0.4554959766], [0.0, 0.0, -0.4554959766]]
69;615;145.0;62.11224;[1.0, 0.0, 0.0];[[-0.4846155139, 0.4846155139, 0.0], [0.0, -0.4846155139, 0.4846155139], [0.0, 0.0, -0.4846155139]]
70;616;145.0;62.11224;[1.0, 0.0, 0.0];[[-0.4625017659, 0.4625017659, 0.0], [0.0, -0.4625017659, 0.4625017659], [0.0, 0.0, -0.4625017659]]
71;617;145.0;62.11224;[1.0, 0.0, 0.0];[[-0.4579388773, 0.4579388773, 0.0], [0.0, -0.4579388773, 0.4579388773], [0.0, 0.0, -0.4579388773]]
72;618;145.0;62.11224;[1.0, 0.0, 0.0];[[-0.4780264119, 0.4780264119, 0.0], [0.0, -0.4780264119, 0.4780264119], [0.0, 0.0, -0.4780264119]]
73;619;145.0;62.11224;[1.0, 0.0, 0.0];[[-0.4717363857, 0.4717363857, 0.0], [0.0, -0.4717363857, 0.4717363857], [0.0, 0.0, -0.4717363857]]
74;620;145.0;62.11224;[1.0, 0.0, 0.0];[[-0.461138018, 0.461138018, 0.0], [0.0, -0.461138018, 0.461138018], [0.0, 0.0, -0.461138018]]
75;621;145.0;62.11224;[1.0, 0.0, 0.0];[[-0.4507472777, 0.4507472777, 0.0], [0.0, -0.4507472777, 0.4507472777], [0.0, 0.0, -0.4507472777]]
76;622;145.0;62.11224;[1.0, 0.0, 0.0];[[-0.4688720845, 0.4688720845, 0.0], [0.0, -0.4688720845, 0.4688720845], [0.0, 0.0, -0.4688720845]]
77;623;145.0;62.11224;[1.0, 0.0, 0.0];[[-0.4523338209, 0.4523338209, 0.0], [0.0, -0.4523338209, 0.4523338209], [0.0, 0.0, -0.4523338209]]
78;624;145.0;62.11224;[1.0, 0.0, 0.0];[[-0.4463112585, 0.4463112585, 0.0], [0.0, -0.4463112585, 0.4463112585], [0.0, 0.0, -0.4463112585]]
79;625;145.0;62.11224;[1.0, 0.0, 0.0];[[-0.4697595247, 0.4697595247, 0.0], [0.0, -0.4697595247, 0.4697595247], [0.0, 0.0, -0.4697595247]]
80;626;145.0;62.11224;[1.0, 0.0, 0.0];[[-0.4517494429, 0.4517494429, 0.0], [0.0, -0.4517494429, 0.4517494429], [0.0, 0.0, -0.4517494429]]
81;627;145.0;62.11224;[1.0, 0.0, 0.0];[[-0.4526005376, 0.4526005376, 0.0], [0.0, -0.4526005376, 0.4526005376], [0.0, 0.0, -0.4526005376]]
82;628;145.0;62.11224;[1.0, 0.0, 0.0];[[-0.4523349874, 0.4523349874, 0.0], [0.0, -0.4523349874, 0.4523349874], [0.0, 0.0, -0.4523349874]]
83;629;145.0;62.11224;[1.0, 0.0, 0.0];[[-0.4496029067, 0.4496029067, 0.0], [0.0, -0.4496029067, 0.4496029067], [0.0, 0.0, -0.4496029067]]
84;630;145.0;62.11224;[1.0, 0.0, 0.0];[[-0.468373264, 0.468373264, 0.0], [0.0, -0.468373264, 0.468373264], [0.0, 0.0, -0.468373264]]
85;631;145.0;62.11224;[1.0, 0.0, 0.0];[[-0.452403889, 0.452403889, 0.0], [0.0, -0.452403889, 0.452403889], [0.0, 0.0, -0.452403889]]
86;632;145.0;62.11224;[1.0, 0.0, 0.0];[[-0.4672137806, 0.4672137806, 0.0], [0.0, -0.4672137806, 0.4672137806], [0.0, 0.0, -0.4672137806]]
87;633;145.0;62.11224;[1.0, 0.0, 0.0];[[-0.4605449594, 0.4605449594, 0.0], [0.0, -0.4605449594, 0.4605449594], [0.0, 0.0, -0.4605449594]]
88;634;145.0;62.11224;[1.0, 0.0, 0.0];[[-0.3140497337, 0.3140497337, 0.0], [0.0, -0.3140497337, 0.0], [0.0, 0.0, -0.1578789309]]
89;635;145.0;62.11224;[1.0, 0.0, 0.0];[[-0.450402091, 0.450402091, 0.0], [0.0, -0.450402091, 0.450402091], [0.0, 0.0, -0.450402091]]
90;636;145.0;62.11224;[1.0, 0.0, 0.0];[[-0.4678095833, 0.4678095833, 0.0], [0.0, -0.4678095833, 0.4678095833], [0.0, 0.0, -0.4678095833]]
91;637;145.0;62.11224;[1.0, 0.0, 0.0];[[-0.475303389, 0.475303389, 0.0], [0.0, -0.475303389, 0.475303389], [0.0, 0.0, -0.475303389]]
92;638;145.0;62.11224;[1.0, 0.0, 0.0];[[-0.461290795, 0.461290795, 0.0], [0.0, -0.461290795, 0.461290795], [0.0, 0.0, -0.461290795]]
93;639;145.0;62.11224;[1.0, 0.0, 0.0];[[-0.4460807287, 0.4460807287, 0.0], [0.0, -0.4460807287, 0.4460807287], [0.0, 0.0, -0.4460807287]]
94;640;145.0;62.11224;[1.0, 0.0, 0.0];[[-0.4761154974, 0.4761154974, 0.0], [0.0, -0.4761154974, 0.4761154974], [0.0, 0.0, -0.4761154974]]
95;641;145.0;62.11224;[1.0, 0.0, 0.0];[[-0.4578357449, 0.4578357449, 0.0], [0.0, -0.4578357449, 0.4578357449], [0.0, 0.0, -0.4578357449]]
96;642;145.0;62.11224;[1.0, 0.0, 0.0];[[-0.4523261442, 0.4523261442, 0.0], [0.0, -0.4523261442, 0.4523261442], [0.0, 0.0, -0.4523261442]]
97;643;145.0;62.11224;[1.0, 0.0, 0.0];[[-0.4486951186, 0.4486951186, 0.0], [0.0, -0.4486951186, 0.4486951186], [0.0, 0.0, -0.4486951186]]
98;644;145.0;62.11224;[1.0, 0.0, 0.0];[[-0.3042438047, 0.3042438047, 0.0], [0.0, -0.3042438047, 0.0], [0.0, 0.0, -0.1550515495]]
99;645;145.0;62.11224;[1.0, 0.0, 0.0];[[-0.4812017762, 0.4812017762, 0.0], [0.0, -0.4812017762, 0.4812017762], [0.0, 0.0, -0.4812017762]]
100;646;145.0;62.11224;[1.0, 0.0, 0.0];[[-0.446975502, 0.446975502, 0.0], [0.0, -0.446975502, 0.446975502], [0.0, 0.0, -0.446975502]]
101;647;145.0;62.11224;[1.0, 0.0, 0.0];[[-0.4769266169, 0.4769266169, 0.0], [0.0, -0.4769266169, 0.4769266169], [0.0, 0.0, -0.4769266169]]
102;648;145.0;62.11224;[1.0, 0.0, 0.0];[[-0.4606931511, 0.4606931511, 0.0], [0.0, -0.4606931511, 0.4606931511], [0.0, 0.0, -0.4606931511]]
103;649;145.0;62.11224;[1.0, 0.0, 0.0];[[-0.4724284004, 0.4724284004, 0.0], [0.0, -0.4724284004, 0.4724284004], [0.0, 0.0, -0.4724284004]]
104;650;145.0;62.11224;[1.0, 0.0, 0.0];[[-0.3206946158, 0.3206946158, 0.0], [0.0, -0.3206946158, 0.0], [0.0, 0.0, -0.1621429473]]
105;651;145.0;62.11224;[1.0, 0.0, 0.0];[[-0.4704819083, 0.4704819083, 0.0], [0.0, -0.4704819083, 0.4704819083], [0.0, 0.0, -0.4704819083]]
106;652;145.0;62.11224;[1.0, 0.0, 0.0];[[-0.4569941573, 0.4569941573, 0.0], [0.0, -0.4569941573, 0.4569941573], [0.0, 0.0, -0.4569941573]]
107;653;145.0;62.11224;[1.0, 0.0, 0.0];[[-0.4594744324, 0.4594744324, 0.0], [0.0, -0.4594744324, 0.4594744324], [0.0, 0.0, -0.4594744324]]
108;654;145.0;62.11224;[1.0, 0.0, 0.0];[[-0.4685908923, 0.4685908923, 0.0], [0.0, -0.4685908923, 0.4685908923], [0.0, 0.0, -0.4685908923]]
109;655;145.0;62.11224;[1.0, 0.0, 0.0];[[-0.4574839914, 0.4574839914, 0.0], [0.0, -0.4574839914, 0.4574839914], [0.0, 0.0, -0.4574839914]]
110;656;145.0;62.11224;[1.0, 0.0, 0.0];[[-0.4634504798, 0.4634504798, 0.0], [0.0, -0.4634504798, 0.4634504798], [0.0, 0.0, -0.4634504798]]
111;657;145.0;62.11224;[1.0, 0.0, 0.0];[[-0.4584780617, 0.4584780617, 0.0], [0.0, -0.4584780617, 0.4584780617], [0.0, 0.0, -0.4584780617]]
112;658;145.0;62.11224;[1.0, 0.0, 0.0];[[-0.4557401838, 0.4557401838, 0.0], [0.0, -0.4557401838, 0.4557401838], [0.0, 0.0, -0.4557401838]]
113;659;145.0;62.11224;[1.0, 0.0, 0.0];[[-0.4535124945, 0.4535124945, 0.0], [0.0, -0.4535124945, 0.4535124945], [0.0, 0.0, -0.4535124945]]
114;660;145.0;62.11224;[1.0, 0.0, 0.0];[[-0.4456033345, 0.4456033345, 0.0], [0.0, -0.4456033345, 0.4456033345], [0.0, 0.0, -0.4456033345]]
115;661;145.0;62.11224;[1.0, 0.0, 0.0];[[-0.4516481104, 0.4516481104, 0.0], [0.0, -0.4516481104, 0.4516481104], [0.0, 0.0, -0.4516481104]]
116;662;145.0;62.11224;[1.0, 0.0, 0.0];[[-0.4707048397, 0.4707048397, 0.0], [0.0, -0.4707048397, 0.4707048397], [0.0, 0.0, -0.4707048397]]
117;663;145.0;62.11224;[1.0, 0.0, 0.0];[[-0.4666299212, 0.4666299212, 0.0], [0.0, -0.4666299212, 0.4666299212], [0.0, 0.0, -0.4666299212]]
118;664;145.0;62.11224;[1.0, 0.0, 0.0];[[-0.4671340296, 0.4671340296, 0.0], [0.0, -0.4671340296, 0.4671340296], [0.0, 0.0, -0.4671340296]]
119;665;145.0;62.11224;[1.0, 0.0, 0.0];[[-0.4669345692, 0.4669345692, 0.0], [0.0, -0.4669345692, 0.4669345692], [0.0, 0.0, -0.4669345692]]
120;666;145.0;62.11224;[1.0, 0.0, 0.0];[[-0.4737244122, 0.4737244122, 0.0], [0.0, -0.4737244122, 0.4737244122], [0.0, 0.0, -0.4737244122]]
121;667;145.0;62.11224;[1.0, 0.0, 0.0];[[-0.4550078033, 0.4550078033, 0.0], [0.0, -0.4550078033, 0.4550078033], [0.0, 0.0, -0.4550078033]]
122;668;145.0;62.11224;[1.0, 0.0, 0.0];[[-0.4711516229, 0.4711516229, 0.0], [0.0, -0.4711516229, 0.4711516229], [0.0, 0.0, -0.4711516229]]
123;669;145.0;62.11224;[1.0, 0.0, 0.0];[[-0.46095265, 0.46095265, 0.0], [0.0, -0.46095265, 0.46095265], [0.0, 0.0, -0.46095265]]
124;670;145.0;62.11224;[1.0, 0.0, 0.0];[[-0.4783150557, 0.4783150557, 0.0], [0.0, -0.4783150557, 0.4783150557], [0.0, 0.0, -0.4783150557]]
125;671;145.0;62.11224;[1.0, 0.0, 0.0];[[-0.4668070238, 0.4668070238, 0.0], [0.0, -0.4668070238, 0.4668070238], [0.0, 0.0, -0.4668070238]]
126;672;145.0;62.11224;[1.0, 0.0, 0.0];[[-0.4507035104, 0.4507035104, 0.0], [0.0, -0.4507035104, 0.4507035104], [0.0, 0.0, -0.4507035104]]
127;673;145.0;62.11224;[1.0, 0.0, 0.0];[[-0.4521589758, 0.4521589758, 0.0], [0.0, -0.4521589758, 0.4521589758], [0.0, 0.0, -0.4521589758]]
128;674;145.0;62.11224;[1.0, 0.0, 0.0];[[-0.448051526, 0.448051526, 0.0], [0.0, -0.448051526, 0.448051526], [0.0, 0.0, -0.448051526]]
129;675;145.0;62.11224;[1.0, 0.0, 0.0];[[-0.4644718172, 0.4644718172, 0.0], [0.0, -0.4644718172, 0.4644718172], [0.0, 0.0, -0.4644718172]]
130;676;145.0;62.11224;[1.0, 0.0, 0.0];[[-0.4548688769, 0.4548688769, 0.0], [0.0, -0.4548688769, 0.4548688769], [0.0, 0.0, -0.4548688769]]
131;677;145.0;62.11224;[1.0, 0.0, 0.0];[[-0.3016079491, 0.3016079491, 0.0], [0.0, -0.3016079491, 0.0], [0.0, 0.0, -0.1525229064]]
132;678;145.0;62.11224;[1.0, 0.0, 0.0];[[-0.461012731, 0.461012731, 0.0], [0.0, -0.461012731, 0.461012731], [0.0, 0.0, -0.461012731]]
133;679;145.0;62.11224;[1.0, 0.0, 0.0];[[-0.4518817822, 0.4518817822, 0.0], [0.0, -0.4518817822, 0.4518817822], [0.0, 0.0, -0.4518817822]]
134;680;145.0;62.11224;[1.0, 0.0, 0.0];[[-0.4627571386, 0.4627571386, 0.0], [0.0, -0.4627571386, 0.4627571386], [0.0, 0.0, -0.4627571386]]
135;681;145.0;62.11224;[1.0, 0.0, 0.0];[[-0.4628693202, 0.4628693202, 0.0], [0.0, -0.4628693202, 0.4628693202], [0.0, 0.0, -0.4628693202]]
136;682;145.0;62.11224;[1.0, 0.0, 0.0];[[-0.46743624, 0.46743624, 0.0], [0.0, -0.46743624, 0.46743624], [0.0, 0.0, -0.46743624]]
137;683;145.0;62.11224;[1.0, 0.0, 0.0];[[-0.4703495725, 0.4703495725, 0.0], [0.0, -0.4703495725, 0.4703495725], [0.0, 0.0, -0.4703495725]]
138;684;145.0;62.11224;[1.0, 0.0, 0.0];[[-0.4691822293, 0.4691822293, 0.0], [0.0, -0.4691822293, 0.4691822293], [0.0, 0.0, -0.4691822293]]
139;685;145.0;62.11224;[1.0, 0.0, 0.0];[[-0.4524346502, 0.4524346502, 0.0], [0.0, -0.4524346502, 0.4524346502], [0.0, 0.0, -0.4524346502]]
140;686;145.0;62.11224;[1.0, 0.0, 0.0];[[-0.4601077202, 0.4601077202, 0.0], [0.0, -0.4601077202, 0.4601077202], [0.0, 0.0, -0.4601077202]]
141;687;145.0;62.11224;[1.0, 0.0, 0.0];[[-0.4600746283, 0.4600746283, 0.0], [0.0, -0.4600746283, 0.4600746283], [0.0, 0.0, -0.4600746283]]
142;688;145.0;62.11224;[1.0, 0.0, 0.0];[[-0.4629606096, 0.4629606096, 0.0], [0.0, -0.4629606096, 0.4629606096], [0.0, 0.0, -0.4629606096]]
143;689;145.0;62.11224;[1.0, 0.0, 0.0];[[-0.4659652648, 0.4659652648, 0.0], [0.0, -0.4659652648, 0.4659652648], [0.0, 0.0, -0.4659652648]]
144;690;145.0;62.11224;[1.0, 0.0, 0.0];[[-0.4362824153, 0.4362824153, 0.0], [0.0, -0.4362824153, 0.4362824153], [0.0, 0.0, -0.4362824153]]
145;691;145.0;62.11224;[1.0, 0.0, 0.0];[[-0.4686823836, 0.4686823836, 0.0], [0.0, -0.4686823836, 0.4686823836], [0.0, 0.0, -0.4686823836]]
146;692;145.0;62.11224;[1.0, 0.0, 0.0];[[-0.4533541717, 0.4533541717, 0.0], [0.0, -0.4533541717, 0.4533541717], [0.0, 0.0, -0.4533541717]]
147;693;145.0;62.11224;[1.0, 0.0, 0.0];[[-0.4769751768, 0.4769751768, 0.0], [0.0, -0.4769751768, 0.4769751768], [0.0, 0.0, -0.4769751768]]
148;694;145.0;62.11224;[1.0, 0.0, 0.0];[[-0.4554274886, 0.4554274886, 0.0], [0.0, -0.4554274886, 0.4554274886], [0.0, 0.0, -0.4554274886]]
149;695;145.0;62.11224;[1.0, 0.0, 0.0];[[-0.4836390303, 0.4836390303, 0.0], [0.0, -0.4836390303, 0.4836390303], [0.0, 0.0, -0.4836390303]]
150;696;145.0;62.11224;[1.0, 0.0, 0.0];[[-0.4534805254, 0.4534805254, 0.0], [0.0, -0.4534805254, 0.4534805254], [0.0, 0.0, -0.4534805254]]
151;697;145.0;62.11224;[1.0, 0.0, 0.0];[[-0.4586884478, 0.4586884478, 0.0], [0.0, -0.4586884478, 0.4586884478], [0.0, 0.0, -0.4586884478]]
152;698;145.0;62.11224;[1.0, 0.0, 0.0];[[-0.461585992, 0.461585992, 0.0], [0.0, -0.461585992, 0.461585992], [0.0, 0.0, -0.461585992]]
153;699;145.0;62.11224;[1.0, 0.0, 0.0];[[-0.4594067786, 0.4594067786, 0.0], [0.0, -0.4594067786, 0.4594067786], [0.0, 0.0, -0.4594067786]]
154;700;145.0;62.11224;[1.0, 0.0, 0.0];[[-0.4507313505, 0.4507313505, 0.0], [0.0, -0.4507313505, 0.4507313505], [0.0, 0.0, -0.4507313505]]
155;701;145.0;62.11224;[1.0, 0.0, 0.0];[[-0.4624237375, 0.4624237375, 0.0], [0.0, -0.4624237375, 0.4624237375], [0.0, 0.0, -0.4624237375]]
156;702;145.0;62.11224;[1.0, 0.0, 0.0];[[-0.3035235789, 0.3035235789, 0.0], [0.0, -0.3035235789, 0.0], [0.0, 0.0, -0.1529256598]]
157;703;145.0;62.11224;[1.0, 0.0, 0.0];[[-0.4650931167, 0.4650931167, 0.0], [0.0, -0.4650931167, 0.4650931167], [0.0, 0.0, -0.4650931167]]
158;704;145.0;62.11224;[1.0, 0.0, 0.0];[[-0.4482972497, 0.4482972497, 0.0], [0.0, -0.4482972497, 0.4482972497], [0.0, 0.0, -0.4482972497]]
159;705;145.0;62.11224;[1.0, 0.0, 0.0];[[-0.4609558594, 0.4609558594, 0.0], [0.0, -0.4609558594, 0.4609558594], [0.0, 0.0, -0.4609558594]]
160;706;145.0;62.11224;[1.0, 0.0, 0.0];[[-0.4574629011, 0.4574629011, 0.0], [0.0, -0.4574629011, 0.4574629011], [0.0, 0.0, -0.4574629011]]
161;707;145.0;62.11224;[1.0, 0.0, 0.0];[[-0.4629959188, 0.4629959188, 0.0], [0.0, -0.4629959188, 0.4629959188], [0.0, 0.0, -0.4629959188]]
162;708;145.0;62.11224;[1.0, 0.0, 0.0];[[-0.4585526388, 0.4585526388, 0.0], [0.0, -0.4585526388, 0.4585526388], [0.0, 0.0, -0.4585526388]]
163;709;145.0;62.11224;[1.0, 0.0, 0.0];[[-0.4602064672, 0.4602064672, 0.0], [0.0, -0.4602064672, 0.4602064672], [0.0, 0.0, -0.4602064672]]
164;710;145.0;62.11224;[1.0, 0.0, 0.0];[[-0.4362818302, 0.4362818302, 0.0], [0.0, -0.4362818302, 0.4362818302], [0.0, 0.0, -0.4362818302]]
165;711;145.0;62.11224;[1.0, 0.0, 0.0];[[-0.4639007496, 0.4639007496, 0.0], [0.0, -0.4639007496, 0.4639007496], [0.0, 0.0, -0.4639007496]]
166;712;145.0;62.11224;[1.0, 0.0, 0.0];[[-0.4760587914, 0.4760587914, 0.0], [0.0, -0.4760587914, 0.4760587914], [0.0, 0.0, -0.4760587914]]
167;713;145.0;62.11224;[1.0, 0.0, 0.0];[[-0.4643917643, 0.4643917643, 0.0], [0.0, -0.4643917643, 0.4643917643], [0.0, 0.0, -0.4643917643]]
168;714;145.0;62.11224;[1.0, 0.0, 0.0];[[-0.3096847529, 0.3096847529, 0.0], [0.0, -0.3096847529, 0.0], [0.0, 0.0, -0.1562537701]]
169;715;145.0;62.11224;[1.0, 0.0, 0.0];[[-0.4570208094, 0.4570208094, 0.0], [0.0, -0.4570208094, 0.4570208094], [0.0, 0.0, -0.4570208094]]
170;716;145.0;62.11224;[1.0, 0.0, 0.0];[[-0.4426358862, 0.4426358862, 0.0], [0.0, -0.4426358862, 0.4426358862], [0.0, 0.0, -0.4426358862]]
171;717;145.0;62.11224;[1.0, 0.0, 0.0];[[-0.4401122101, 0.4401122101, 0.0], [0.0, -0.4401122101, 0.4401122101], [0.0, 0.0, -0.4401122101]]
172;718;145.0;62.11224;[1.0, 0.0, 0.0];[[-0.4528657172, 0.4528657172, 0.0], [0.0, -0.4528657172, 0.4528657172], [0.0, 0.0, -0.4528657172]]
173;719;145.0;62.11224;[1.0, 0.0, 0.0];[[-0.4782363526, 0.4782363526, 0.0], [0.0, -0.4782363526, 0.4782363526], [0.0, 0.0, -0.4782363526]]
174;720;145.0;62.11224;[1.0, 0.0, 0.0];[[-0.4645315683, 0.4645315683, 0.0], [0.0, -0.4645315683, 0.4645315683], [0.0, 0.0, -0.4645315683]]
175;721;145.0;62.11224;[1.0, 0.0, 0.0];[[-0.4450319868, 0.4450319868, 0.0], [0.0, -0.4450319868, 0.4450319868], [0.0, 0.0, -0.4450319868]]
176;722;145.0;62.11224;[1.0, 0.0, 0.0];[[-0.4756251567, 0.4756251567, 0.0], [0.0, -0.4756251567, 0.4756251567], [0.0, 0.0, -0.4756251567]]
177;723;145.0;62.11224;[1.0, 0.0, 0.0];[[-0.4699478327, 0.4699478327, 0.0], [0.0, -0.4699478327, 0.4699478327], [0.0, 0.0, -0.4699478327]]
178;724;145.0;62.11224;[1.0, 0.0, 0.0];[[-0.4612959535, 0.4612959535, 0.0], [0.0, -0.4612959535, 0.4612959535], [0.0, 0.0, -0.4612959535]]
179;725;145.0;62.11224;[1.0, 0.0, 0.0];[[-0.4690366572, 0.4690366572, 0.0], [0.0, -0.4690366572, 0.4690366572], [0.0, 0.0, -0.4690366572]]
180;726;145.0;62.11224;[1.0, 0.0, 0.0];[[-0.4466941562, 0.4466941562, 0.0], [0.0, -0.4466941562, 0.4466941562], [0.0, 0.0, -0.4466941562]]
181;727;145.0;62.11224;[1.0, 0.0, 0.0];[[-0.458765316, 0.458765316, 0.0], [0.0, -0.458765316, 0.458765316], [0.0, 0.0, -0.458765316]]
182;728;145.0;62.11224;[1.0, 0.0, 0.0];[[-0.4629633969, 0.4629633969, 0.0], [0.0, -0.4629633969, 0.4629633969], [0.0, 0.0, -0.4629633969]]
183;729;145.0;62.11224;[1.0, 0.0, 0.0];[[-0.4637412526, 0.4637412526, 0.0], [0.0, -0.4637412526, 0.4637412526], [0.0, 0.0, -0.4637412526]]
184;730;145.0;62.11224;[1.0, 0.0, 0.0];[[-0.4698666966, 0.4698666966, 0.0], [0.0, -0.4698666966, 0.4698666966], [0.0, 0.0, -0.4698666966]]
185;731;145.0;62.11224;[1.0, 0.0, 0.0];[[-0.3109633956, 0.3109633956, 0.0], [0.0, -0.3109633956, 0.0], [0.0, 0.0, -0.1583329598]]
186;732;145.0;62.11224;[1.0, 0.0, 0.0];[[-0.3113865197, 0.3113865197, 0.0], [0.0, -0.3113865197, 0.0], [0.0, 0.0, -0.1578751127]]
187;733;145.0;62.11224;[1.0, 0.0, 0.0];[[-0.4634647651, 0.4634647651, 0.0], [0.0, -0.4634647651, 0.4634647651], [0.0, 0.0, -0.4634647651]]
188;734;145.0;62.11224;[1.0, 0.0, 0.0];[[-0.4864275722, 0.4864275722, 0.0], [0.0, -0.4864275722, 0.4864275722], [0.0, 0.0, -0.4864275722]]
189;735;145.0;62.11224;[1.0, 0.0, 0.0];[[-0.4544305009, 0.4544305009, 0.0], [0.0, -0.4544305009, 0.4544305009], [0.0, 0.0, -0.4544305009]]
190;736;145.0;62.11224;[1.0, 0.0, 0.0];[[-0.44665654, 0.44665654, 0.0], [0.0, -0.44665654, 0.44665654], [0.0, 0.0, -0.44665654]]
191;737;145.0;62.11224;[1.0, 0.0, 0.0];[[-0.4666400642, 0.4666400642, 0.0], [0.0, -0.4666400642, 0.4666400642], [0.0, 0.0, -0.4666400642]]
192;738;145.0;62.11224;[1.0, 0.0, 0.0];[[-0.4606689499, 0.4606689499, 0.0], [0.0, -0.4606689499, 0.4606689499], [0.0, 0.0, -0.4606689499]]
193;739;145.0;62.11224;[1.0, 0.0, 0.0];[[-0.3134182615, 0.3134182615, 0.0], [0.0, -0.3134182615, 0.0], [0.0, 0.0, -0.1599480987]]
194;740;145.0;62.11224;[1.0, 0.0, 0.0];[[-0.4723206157, 0.4723206157, 0.0], [0.0, -0.4723206157, 0.4723206157], [0.0, 0.0, -0.4723206157]]
195;741;145.0;62.11224;[1.0, 0.0, 0.0];[[-0.453997022, 0.453997022, 0.0], [0.0, -0.453997022, 0.453997022], [0.0, 0.0, -0.453997022]]
196;742;145.0;62.11224;[1.0, 0.0, 0.0];[[-0.4580091387, 0.4580091387, 0.0], [0.0, -0.4580091387, 0.4580091387], [0.0, 0.0, -0.4580091387]]
197;743;145.0;62.11224;[1.0, 0.0, 0.0];[[-0.4632827721, 0.4632827721, 0.0], [0.0, -0.4632827721, 0.4632827721], [0.0, 0.0, -0.4632827721]]
198;744;145.0;62.11224;[1.0, 0.0, 0.0];[[-0.456540547, 0.456540547, 0.0], [0.0, -0.456540547, 0.456540547], [0.0, 0.0, -0.456540547]]
199;745;145.0;62.11224;[1.0, 0.0, 0.0];[[-0.4536341916, 0.4536341916, 0.0], [0.0, -0.4536341916, 0.4536341916], [0.0, 0.0, -0.4536341916]]
200;746;145.0;62.11224;[1.0, 0.0, 0.0];[[-0.4576014976, 0.4576014976, 0.0], [0.0, -0.4576014976, 0.4576014976], [0.0, 0.0, -0.4576014976]]
201;747;145.0;62.11224;[1.0, 0.0, 0.0];[[-0.4436733597, 0.4436733597, 0.0], [0.0, -0.4436733597, 0.4436733597], [0.0, 0.0, -0.4436733597]]
202;748;145.0;62.11224;[1.0, 0.0, 0.0];[[-0.4639576961, 0.4639576961, 0.0], [0.0, -0.4639576961, 0.4639576961], [0.0, 0.0, -0.4639576961]]
203;749;145.0;62.11224;[1.0, 0.0, 0.0];[[-0.4544623401, 0.4544623401, 0.0], [0.0, -0.4544623401, 0.4544623401], [0.0, 0.0, -0.4544623401]]
204;750;145.0;62.11224;[1.0, 0.0, 0.0];[[-0.4530943111, 0.4530943111, 0.0], [0.0, -0.4530943111, 0.4530943111], [0.0, 0.0, -0.4530943111]]
205;751;145.0;62.11224;[1.0, 0.0, 0.0];[[-0.4786947407, 0.4786947407, 0.0], [0.0, -0.4786947407, 0.4786947407], [0.0, 0.0, -0.4786947407]]
206;752;145.0;62.11224;[1.0, 0.0, 0.0];[[-0.4473924561, 0.4473924561, 0.0], [0.0, -0.4473924561, 0.4473924561], [0.0, 0.0, -0.4473924561]]
207;753;145.0;62.11224;[1.0, 0.0, 0.0];[[-0.4652931915, 0.4652931915, 0.0], [0.0, -0.4652931915, 0.4652931915], [0.0, 0.0, -0.4652931915]]
208;754;145.0;62.11224;[1.0, 0.0, 0.0];[[-0.3164145936, 0.3164145936, 0.0], [0.0, -0.3164145936, 0.0], [0.0, 0.0, -0.1596062838]]
209;755;145.0;62.11224;[1.0, 0.0, 0.0];[[-0.4466604193, 0.4466604193, 0.0], [0.0, -0.4466604193, 0.4466604193], [0.0, 0.0, -0.4466604193]]
210;756;145.0;62.11224;[1.0, 0.0, 0.0];[[-0.455678345, 0.455678345, 0.0], [0.0, -0.455678345, 0.455678345], [0.0, 0.0, -0.455678345]]
211;757;145.0;62.11224;[1.0, 0.0, 0.0];[[-0.4762696128, 0.4762696128, 0.0], [0.0, -0.4762696128, 0.4762696128], [0.0, 0.0, -0.4762696128]]
212;758;145.0;62.11224;[1.0, 0.0, 0.0];[[-0.4481851579, 0.4481851579, 0.0], [0.0, -0.4481851579, 0.4481851579], [0.0, 0.0, -0.4481851579]]
213;759;145.0;62.11224;[1.0, 0.0, 0.0];[[-0.4731451386, 0.4731451386, 0.0], [0.0, -0.4731451386, 0.4731451386], [0.0, 0.0, -0.4731451386]]
214;760;145.0;62.11224;[1.0, 0.0, 0.0];[[-0.4580379818, 0.4580379818, 0.0], [0.0, -0.4580379818, 0.4580379818], [0.0, 0.0, -0.4580379818]]
215;761;145.0;62.11224;[1.0, 0.0, 0.0];[[-0.4672748763, 0.4672748763, 0.0], [0.0, -0.4672748763, 0.4672748763], [0.0, 0.0, -0.4672748763]]
216;762;145.0;62.11224;[1.0, 0.0, 0.0];[[-0.4624307508, 0.4624307508, 0.0], [0.0, -0.4624307508, 0.4624307508], [0.0, 0.0, -0.4624307508]]
217;763;145.0;62.11224;[1.0, 0.0, 0.0];[[-0.4570953317, 0.4570953317, 0.0], [0.0, -0.4570953317, 0.4570953317], [0.0, 0.0, -0.4570953317]]
218;764;145.0;62.11224;[1.0, 0.0, 0.0];[[-0.4815083787, 0.4815083787, 0.0], [0.0, -0.4815083787, 0.4815083787], [0.0, 0.0, -0.4815083787]]
219;765;145.0;62.11224;[1.0, 0.0, 0.0];[[-0.4532183838, 0.4532183838, 0.0], [0.0, -0.4532183838, 0.4532183838], [0.0, 0.0, -0.4532183838]]
220;766;145.0;62.11224;[1.0, 0.0, 0.0];[[-0.4451898486, 0.4451898486, 0.0], [0.0, -0.4451898486, 0.4451898486], [0.0, 0.0, -0.4451898486]]
221;767;145.0;62.11224;[1.0, 0.0, 0.0];[[-0.4623652072, 0.4623652072, 0.0], [0.0, -0.4623652072, 0.4623652072], [0.0, 0.0, -0.4623652072]]
222;768;145.0;62.11224;[1.0, 0.0, 0.0];[[-0.4603816775, 0.4603816775, 0.0], [0.0, -0.4603816775, 0.4603816775], [0.0, 0.0, -0.4603816775]]
223;769;145.0;62.11224;[1.0, 0.0, 0.0];[[-0.4785875667, 0.4785875667, 0.0], [0.0, -0.4785875667, 0.4785875667], [0.0, 0.0, -0.4785875667]]
224;770;145.0;62.11224;[1.0, 0.0, 0.0];[[-0.4558674201, 0.4558674201, 0.0], [0.0, -0.4558674201, 0.4558674201], [0.0, 0.0, -0.4558674201]]
225;771;145.0;62.11224;[1.0, 0.0, 0.0];[[-0.4625766319, 0.4625766319, 0.0], [0.0, -0.4625766319, 0.4625766319], [0.0, 0.0, -0.4625766319]]
226;772;145.0;62.11224;[1.0, 0.0, 0.0];[[-0.4464581947, 0.4464581947, 0.0], [0.0, -0.4464581947, 0.4464581947], [0.0, 0.0, -0.4464581947]]
227;773;145.0;62.11224;[1.0, 0.0, 0.0];[[-0.4533526416, 0.4533526416, 0.0], [0.0, -0.4533526416, 0.4533526416], [0.0, 0.0, -0.4533526416]]
228;774;145.0;62.11224;[1.0, 0.0, 0.0];[[-0.4560772362, 0.4560772362, 0.0], [0.0, -0.4560772362, 0.4560772362], [0.0, 0.0, -0.4560772362]]
229;775;145.0;62.11224;[1.0, 0.0, 0.0];[[-0.4602597325, 0.4602597325, 0.0], [0.0, -0.4602597325, 0.4602597325], [0.0, 0.0, -0.4602597325]]
230;776;145.0;62.11224;[1.0, 0.0, 0.0];[[-0.4603459459, 0.4603459459, 0.0], [0.0, -0.4603459459, 0.4603459459], [0.0, 0.0, -0.4603459459]]
231;777;145.0;62.11224;[1.0, 0.0, 0.0];[[-0.4518038856, 0.4518038856, 0.0], [0.0, -0.4518038856, 0.4518038856], [0.0, 0.0, -0.4518038856]]
232;778;145.0;62.11224;[1.0, 0.0, 0.0];[[-0.4675803284, 0.4675803284, 0.0], [0.0, -0.4675803284, 0.4675803284], [0.0, 0.0, -0.4675803284]]
233;779;145.0;62.11224;[1.0, 0.0, 0.0];[[-0.4553743031, 0.4553743031, 0.0], [0.0, -0.4553743031, 0.4553743031], [0.0, 0.0, -0.4553743031]]
234;780;145.0;62.11224;[1.0, 0.0, 0.0];[[-0.4529412623, 0.4529412623, 0.0], [0.0, -0.4529412623, 0.4529412623], [0.0, 0.0, -0.4529412623]]
235;781;145.0;62.11224;[1.0, 0.0, 0.0];[[-0.460633886, 0.460633886, 0.0], [0.0, -0.460633886, 0.460633886], [0.0, 0.0, -0.460633886]]
236;782;145.0;62.11224;[1.0, 0.0, 0.0];[[-0.4573486394, 0.4573486394, 0.0], [0.0, -0.4573486394, 0.4573486394], [0.0, 0.0, -0.4573486394]]
237;783;145.0;62.11224;[1.0, 0.0, 0.0];[[-0.4638123453, 0.4638123453, 0.0], [0.0, -0.4638123453, 0.4638123453], [0.0, 0.0, -0.4638123453]]
238;784;145.0;62.11224;[1.0, 0.0, 0.0];[[-0.4673532991, 0.4673532991, 0.0], [0.0, -0.4673532991, 0.4673532991], [0.0, 0.0, -0.4673532991]]
239;785;145.0;62.11224;[1.0, 0.0, 0.0];[[-0.3076205114, 0.3076205114, 0.0], [0.0, -0.3076205114, 0.0], [0.0, 0.0, -0.1546226991]]
240;786;145.0;62.11224;[1.0, 0.0, 0.0];[[-0.4524996947, 0.4524996947, 0.0], [0.0, -0.4524996947, 0.4524996947], [0.0, 0.0, -0.4524996947]]
241;787;145.0;62.11224;[1.0, 0.0, 0.0];[[-0.4652327584, 0.4652327584, 0.0], [0.0, -0.4652327584, 0.4652327584], [0.0, 0.0, -0.4652327584]]
242;788;145.0;62.11224;[1.0, 0.0, 0.0];[[-0.4645565051, 0.4645565051, 0.0], [0.0, -0.4645565051, 0.4645565051], [0.0, 0.0, -0.4645565051]]
243;789;145.0;62.11224;[1.0, 0.0, 0.0];[[-0.4592567629, 0.4592567629, 0.0], [0.0, -0.4592567629, 0.4592567629], [0.0, 0.0, -0.4592567629]]
244;790;145.0;62.11224;[1.0, 0.0, 0.0];[[-0.453564262, 0.453564262, 0.0], [0.0, -0.453564262, 0.453564262], [0.0, 0.0, -0.453564262]]
245;791;145.0;62.11224;[1.0, 0.0, 0.0];[[-0.4350318592, 0.4350318592, 0.0], [0.0, -0.4350318592, 0.4350318592], [0.0, 0.0, -0.4350318592]]
246;792;145.0;62.11224;[1.0, 0.0, 0.0];[[-0.3042873741, 0.3042873741, 0.0], [0.0, -0.3042873741, 0.0], [0.0, 0.0, -0.1540628478]]
247;793;145.0;62.11224;[1.0, 0.0, 0.0];[[-0.4451800907, 0.4451800907, 0.0], [0.0, -0.4451800907, 0.4451800907], [0.0, 0.0, -0.4451800907]]
248;794;145.0;62.11224;[1.0, 0.0, 0.0];[[-0.4546282753, 0.4546282753, 0.0], [0.0, -0.4546282753, 0.4546282753], [0.0, 0.0, -0.4546282753]]
249;795;145.0;62.11224;[1.0, 0.0, 0.0];[[-0.4648044296, 0.4648044296, 0.0], [0.0, -0.4648044296, 0.4648044296], [0.0, 0.0, -0.4648044296]]
250;796;145.0;62.11224;[1.0, 0.0, 0.0];[[-0.4783865384, 0.4783865384, 0.0], [0.0, -0.4783865384, 0.4783865384], [0.0, 0.0, -0.4783865384]]
251;797;145.0;62.11224;[1.0, 0.0, 0.0];[[-0.3055289843, 0.3055289843, 0.0], [0.0, -0.3055289843, 0.0], [0.0, 0.0, -0.1544915516]]
252;798;145.0;62.11224;[1.0, 0.0, 0.0];[[-0.4586833908, 0.4586833908, 0.0], [0.0, -0.4586833908, 0.4586833908], [0.0, 0.0, -0.4586833908]]
253;799;145.0;62.11224;[1.0, 0.0, 0.0];[[-0.4566701729, 0.4566701729, 0.0], [0.0, -0.4566701729, 0.4566701729], [0.0, 0.0, -0.4566701729]]
254;800;145.0;62.11224;[1.0, 0.0, 0.0];[[-0.4560503006, 0.4560503006, 0.0], [0.0, -0.4560503006, 0.4560503006], [0.0, 0.0, -0.4560503006]]
255;801;145.0;62.11224;[1.0, 0.0, 0.0];[[-0.4597132266, 0.4597132266, 0.0], [0.0, -0.4597132266, 0.4597132266], [0.0, 0.0, -0.4597132266]]
256;802;145.0;62.11224;[1.0, 0.0, 0.0];[[-0.4690304633, 0.4690304633, 0.0], [0.0, -0.4690304633, 0.4690304633], [0.0, 0.0, -0.4690304633]]
257;803;145.0;62.11224;[1.0, 0.0, 0.0];[[-0.4636404189, 0.4636404189, 0.0], [0.0, -0.4636404189, 0.4636404189], [0.0, 0.0, -0.4636404189]]
258;804;145.0;62.11224;[1.0, 0.0, 0.0];[[-0.4575273153, 0.4575273153, 0.0], [0.0, -0.4575273153, 0.4575273153], [0.0, 0.0, -0.4575273153]]
259;805;145.0;62.11224;[1.0, 0.0, 0.0];[[-0.4769416334, 0.4769416334, 0.0], [0.0, -0.4769416334, 0.4769416334], [0.0, 0.0, -0.4769416334]]
260;806;145.0;62.11224;[1.0, 0.0, 0.0];[[-0.4604212582, 0.4604212582, 0.0], [0.0, -0.4604212582, 0.4604212582], [0.0, 0.0, -0.4604212582]]
261;807;145.0;62.11224;[1.0, 0.0, 0.0];[[-0.4708155475, 0.4708155475, 0.0], [0.0, -0.4708155475, 0.4708155475], [0.0, 0.0, -0.4708155475]]
262;808;145.0;62.11224;[1.0, 0.0, 0.0];[[-0.4672056033, 0.4672056033, 0.0], [0.0, -0.4672056033, 0.4672056033], [0.0, 0.0, -0.4672056033]]
263;809;145.0;62.11224;[1.0, 0.0, 0.0];[[-0.4660010129, 0.4660010129, 0.0], [0.0, -0.4660010129, 0.4660010129], [0.0, 0.0, -0.4660010129]]
264;810;145.0;62.11224;[1.0, 0.0, 0.0];[[-0.4573946527, 0.4573946527, 0.0], [0.0, -0.4573946527, 0.4573946527], [0.0, 0.0, -0.4573946527]]
265;811;145.0;62.11224;[1.0, 0.0, 0.0];[[-0.4499033297, 0.4499033297, 0.0], [0.0, -0.4499033297, 0.4499033297], [0.0, 0.0, -0.4499033297]]
266;812;145.0;62.11224;[1.0, 0.0, 0.0];[[-0.4449921917, 0.4449921917, 0.0], [0.0, -0.4449921917, 0.4449921917], [0.0, 0.0, -0.4449921917]]
267;813;145.0;62.11224;[1.0, 0.0, 0.0];[[-0.4525797226, 0.4525797226, 0.0], [0.0, -0.4525797226, 0.4525797226], [0.0, 0.0, -0.4525797226]]
268;814;145.0;62.11224;[1.0, 0.0, 0.0];[[-0.4503068811, 0.4503068811, 0.0], [0.0, -0.4503068811, 0.4503068811], [0.0, 0.0, -0.4503068811]]
269;815;145.0;62.11224;[1.0, 0.0, 0.0];[[-0.4704640708, 0.4704640708, 0.0], [0.0, -0.4704640708, 0.4704640708], [0.0, 0.0, -0.4704640708]]
270;816;145.0;62.11224;[1.0, 0.0, 0.0];[[-0.4632818115, 0.4632818115, 0.0], [0.0, -0.4632818115, 0.4632818115], [0.0, 0.0, -0.4632818115]]
271;817;145.0;62.11224;[1.0, 0.0, 0.0];[[-0.4634363857, 0.4634363857, 0.0], [0.0, -0.4634363857, 0.4634363857], [0.0, 0.0, -0.4634363857]]
272;818;145.0;62.11224;[1.0, 0.0, 0.0];[[-0.451578514, 0.451578514, 0.0], [0.0, -0.451578514, 0.451578514], [0.0, 0.0, -0.451578514]]
273;819;145.0;62.11224;[1.0, 0.0, 0.0];[[-0.4601291397, 0.4601291397, 0.0], [0.0, -0.4601291397, 0.4601291397], [0.0, 0.0, -0.4601291397]]
274;820;145.0;62.11224;[1.0, 0.0, 0.0];[[-0.4457899761, 0.4457899761, 0.0], [0.0, -0.4457899761, 0.4457899761], [0.0, 0.0, -0.4457899761]]
275;821;145.0;62.11224;[1.0, 0.0, 0.0];[[-0.446419076, 0.446419076, 0.0], [0.0, -0.446419076, 0.446419076], [0.0, 0.0, -0.446419076]]
276;822;145.0;62.11224;[1.0, 0.0, 0.0];[[-0.4656899297, 0.4656899297, 0.0], [0.0, -0.4656899297, 0.4656899297], [0.0, 0.0, -0.4656899297]]
277;823;145.0;62.11224;[1.0, 0.0, 0.0];[[-0.4474285518, 0.4474285518, 0.0], [0.0, -0.4474285518, 0.4474285518], [0.0, 0.0, -0.4474285518]]
278;824;145.0;62.11224;[1.0, 0.0, 0.0];[[-0.4542551314, 0.4542551314, 0.0], [0.0, -0.4542551314, 0.4542551314], [0.0, 0.0, -0.4542551314]]
279;825;145.0;62.11224;[1.0, 0.0, 0.0];[[-0.454584943, 0.454584943, 0.0], [0.0, -0.454584943, 0.454584943], [0.0, 0.0, -0.454584943]]
280;826;145.0;62.11224;[1.0, 0.0, 0.0];[[-0.4782591431, 0.4782591431, 0.0], [0.0, -0.4782591431, 0.4782591431], [0.0, 0.0, -0.4782591431]]
281;827;145.0;62.11224;[1.0, 0.0, 0.0];[[-0.4569616066, 0.4569616066, 0.0], [0.0, -0.4569616066, 0.4569616066], [0.0, 0.0, -0.4569616066]]
282;828;145.0;62.11224;[1.0, 0.0, 0.0];[[-0.459528922, 0.459528922, 0.0], [0.0, -0.459528922, 0.459528922], [0.0, 0.0, -0.459528922]]
283;829;145.0;62.11224;[1.0, 0.0, 0.0];[[-0.451661937, 0.451661937, 0.0], [0.0, -0.451661937, 0.451661937], [0.0, 0.0, -0.451661937]]
284;830;145.0;62.11224;[1.0, 0.0, 0.0];[[-0.4546425557, 0.4546425557, 0.0], [0.0, -0.4546425557, 0.4546425557], [0.0, 0.0, -0.4546425557]]
285;831;145.0;62.11224;[1.0, 0.0, 0.0];[[-0.4794933641, 0.4794933641, 0.0], [0.0, -0.4794933641, 0.4794933641], [0.0, 0.0, -0.4794933641]]
286;832;145.0;62.11224;[1.0, 0.0, 0.0];[[-0.4658354914, 0.4658354914, 0.0], [0.0, -0.4658354914, 0.4658354914], [0.0, 0.0, -0.4658354914]]
287;833;145.0;62.11224;[1.0, 0.0, 0.0];[[-0.4556983356, 0.4556983356, 0.0], [0.0, -0.4556983356, 0.4556983356], [0.0, 0.0, -0.4556983356]]
288;834;145.0;62.11224;[1.0, 0.0, 0.0];[[-0.4699663337, 0.4699663337, 0.0], [0.0, -0.4699663337, 0.4699663337], [0.0, 0.0, -0.4699663337]]
289;835;145.0;62.11224;[0.9949748744, 0.0, 0.0];[[-0.3010236099, 0.3010236099, 0.0], [0.0, -0.3010236099, 0.0], [0.0, 0.0, -0.1536312067]]
290;836;145.0;62.11224;[1.0, 0.0, 0.0];[[-0.4716280363, 0.4716280363, 0.0], [0.0, -0.4716280363, 0.4716280363], [0.0, 0.0, -0.4716280363]]
291;837;145.0;62.11224;[1.0, 0.0, 0.0];[[-0.4662699617, 0.4662699617, 0.0], [0.0, -0.4662699617, 0.4662699617], [0.0, 0.0, -0.4662699617]]
292;838;145.0;62.11224;[1.0, 0.0, 0.0];[[-0.4464120306, 0.4464120306, 0.0], [0.0, -0.4464120306, 0.4464120306], [0.0, 0.0, -0.4464120306]]
293;839;145.0;62.11224;[1.0, 0.0, 0.0];[[-0.3077599566, 0.3077599566, 0.0], [0.0, -0.3077599566, 0.0], [0.0, 0.0, -0.1555027259]]
294;840;145.0;62.11224;[1.0, 0.0, 0.0];[[-0.4559627981, 0.4559627981, 0.0], [0.0, -0.4559627981, 0.4559627981], [0.0, 0.0, -0.4559627981]]
295;841;145.0;62.11224;[1.0, 0.0, 0.0];[[-0.4699988173, 0.4699988173, 0.0], [0.0, -0.4699988173, 0.4699988173], [0.0, 0.0, -0.4699988173]]
296;842;145.0;62.11224;[1.0, 0.0, 0.0];[[-0.4747738737, 0.4747738737, 0.0], [0.0, -0.4747738737, 0.4747738737], [0.0, 0.0, -0.4747738737]]
297;843;145.0;62.11224;[1.0, 0.0, 0.0];[[-0.4762600697, 0.4762600697, 0.0], [0.0, -0.4762600697, 0.4762600697], [0.0, 0.0, -0.4762600697]]
298;844;145.0;62.11224;[1.0, 0.0, 0.0];[[-0.4550017257, 0.4550017257, 0.0], [0.0, -0.4550017257, 0.4550017257], [0.0, 0.0, -0.4550017257]]
299;845;145.0;62.11224;[1.0, 0.0, 0.0];[[-0.4570928066, 0.4570928066, 0.0], [0.0, -0.4570928066, 0.4570928066], [0.0, 0.0, -0.4570928066]]
300;846;145.0;62.11224;[1.0, 0.0, 0.0];[[-0.4770329471, 0.4770329471, 0.0], [0.0, -0.4770329471, 0.4770329471], [0.0, 0.0, -0.4770329471]]
301;847;145.0;62.11224;[1.0, 0.0, 0.0];[[-0.4381335033, 0.4381335033, 0.0], [0.0, -0.4381335033, 0.4381335033], [0.0, 0.0, -0.4381335033]]
302;848;145.0;62.11224;[1.0, 0.0, 0.0];[[-0.4475373438, 0.4475373438, 0.0], [0.0, -0.4475373438, 0.4475373438], [0.0, 0.0, -0.4475373438]]
303;849;145.0;62.11224;[1.0, 0.0, 0.0];[[-0.450929239, 0.450929239, 0.0], [0.0, -0.450929239, 0.450929239], [0.0, 0.0, -0.450929239]]
304;850;145.0;62.11224;[1.0, 0.0, 0.0];[[-0.4516045019, 0.4516045019, 0.0], [0.0, -0.4516045019, 0.4516045019], [0.0, 0.0, -0.4516045019]]
305;851;145.0;62.11224;[1.0, 0.0, 0.0];[[-0.4356097746, 0.4356097746, 0.0], [0.0, -0.4356097746, 0.4356097746], [0.0, 0.0, -0.4356097746]]
306;852;145.0;62.11224;[1.0, 0.0, 0.0];[[-0.4567287831, 0.4567287831, 0.0], [0.0, -0.4567287831, 0.4567287831], [0.0, 0.0, -0.4567287831]]
307;853;145.0;62.11224;[1.0, 0.0, 0.0];[[-0.4640894386, 0.4640894386, 0.0], [0.0, -0.4640894386, 0.4640894386], [0.0, 0.0, -0.4640894386]]
308;854;145.0;62.11224;[1.0, 0.0, 0.0];[[-0.4600231654, 0.4600231654, 0.0], [0.0, -0.4600231654, 0.4600231654], [0.0, 0.0, -0.4600231654]]
309;855;145.0;62.11224;[1.0, 0.0, 0.0];[[-0.447550537, 0.447550537, 0.0], [0.0, -0.447550537, 0.447550537], [0.0, 0.0, -0.447550537]]
310;856;145.0;62.11224;[1.0, 0.0, 0.0];[[-0.4722935792, 0.4722935792, 0.0], [0.0, -0.4722935792, 0.4722935792], [0.0, 0.0, -0.4722935792]]
311;857;145.0;62.11224;[1.0, 0.0, 0.0];[[-0.4629913725, 0.4629913725, 0.0], [0.0, -0.4629913725, 0.4629913725], [0.0, 0.0, -0.4629913725]]
312;858;145.0;62.11224;[1.0, 0.0, 0.0];[[-0.4611623388, 0.4611623388, 0.0], [0.0, -0.4611623388, 0.4611623388], [0.0, 0.0, -0.4611623388]]
313;859;145.0;62.11224;[1.0, 0.0, 0.0];[[-0.481650144, 0.481650144, 0.0], [0.0, -0.481650144, 0.481650144], [0.0, 0.0, -0.481650144]]
314;860;145.0;62.11224;[1.0, 0.0, 0.0];[[-0.4719465265, 0.4719465265, 0.0], [0.0, -0.4719465265, 0.4719465265], [0.0, 0.0, -0.4719465265]]
315;861;145.0;62.11224;[1.0, 0.0, 0.0];[[-0.4533672159, 0.4533672159, 0.0], [0.0, -0.4533672159, 0.4533672159], [0.0, 0.0, -0.4533672159]]
316;862;145.0;62.11224;[1.0, 0.0, 0.0];[[-0.3127526201, 0.3127526201, 0.0], [0.0, -0.3127526201, 0.0], [0.0, 0.0, -0.1584694363]]
317;863;145.0;62.11224;[1.0, 0.0, 0.0];[[-0.4552381731, 0.4552381731, 0.0], [0.0, -0.4552381731, 0.4552381731], [0.0, 0.0, -0.4552381731]]
318;864;145.0;62.11224;[1.0, 0.0, 0.0];[[-0.4623698496, 0.4623698496, 0.0], [0.0, -0.4623698496, 0.4623698496], [0.0, 0.0, -0.4623698496]]
319;865;145.0;62.11224;[1.0, 0.0, 0.0];[[-0.4651170171, 0.4651170171, 0.0], [0.0, -0.4651170171, 0.4651170171], [0.0, 0.0, -0.4651170171]]
320;866;145.0;62.11224;[1.0, 0.0, 0.0];[[-0.4421639789, 0.4421639789, 0.0], [0.0, -0.4421639789, 0.4421639789], [0.0, 0.0, -0.4421639789]]
321;867;145.0;62.11224;[1.0, 0.0, 0.0];[[-0.4556976782, 0.4556976782, 0.0], [0.0, -0.4556976782, 0.4556976782], [0.0, 0.0, -0.4556976782]]
322;868;145.0;62.11224;[1.0, 0.0, 0.0];[[-0.4461499982, 0.4461499982, 0.0], [0.0, -0.4461499982, 0.4461499982], [0.0, 0.0, -0.4461499982]]
323;869;145.0;62.11224;[1.0, 0.0, 0.0];[[-0.4510492339, 0.4510492339, 0.0], [0.0, -0.4510492339, 0.4510492339], [0.0, 0.0, -0.4510492339]]
324;870;145.0;62.11224;[1.0, 0.0, 0.0];[[-0.4569952207, 0.4569952207, 0.0], [0.0, -0.4569952207, 0.4569952207], [0.0, 0.0, -0.4569952207]]
325;871;145.0;62.11224;[1.0, 0.0, 0.0];[[-0.4623752925, 0.4623752925, 0.0], [0.0, -0.4623752925, 0.4623752925], [0.0, 0.0, -0.4623752925]]
326;872;145.0;62.11224;[1.0, 0.0, 0.0];[[-0.4656032763, 0.4656032763, 0.0], [0.0, -0.4656032763, 0.4656032763], [0.0, 0.0, -0.4656032763]]
327;873;145.0;62.11224;[1.0, 0.0, 0.0];[[-0.4568040602, 0.4568040602, 0.0], [0.0, -0.4568040602, 0.4568040602], [0.0, 0.0, -0.4568040602]]
328;874;145.0;62.11224;[1.0, 0.0, 0.0];[[-0.4603452518, 0.4603452518, 0.0], [0.0, -0.4603452518, 0.4603452518], [0.0, 0.0, -0.4603452518]]
329;875;145.0;62.11224;[1.0, 0.0, 0.0];[[-0.4790922308, 0.4790922308, 0.0], [0.0, -0.4790922308, 0.4790922308], [0.0, 0.0, -0.4790922308]]
330;876;145.0;62.11224;[1.0, 0.0, 0.0];[[-0.4657682498, 0.4657682498, 0.0], [0.0, -0.4657682498, 0.4657682498], [0.0, 0.0, -0.4657682498]]
331;877;145.0;62.11224;[1.0, 0.0, 0.0];[[-0.4663432686, 0.4663432686, 0.0], [0.0, -0.4663432686, 0.4663432686], [0.0, 0.0, -0.4663432686]]
332;878;145.0;62.11224;[1.0, 0.0, 0.0];[[-0.466796661, 0.466796661, 0.0], [0.0, -0.466796661, 0.466796661], [0.0, 0.0, -0.466796661]]
333;879;145.0;62.11224;[1.0, 0.0, 0.0];[[-0.4497073838, 0.4497073838, 0.0], [0.0, -0.4497073838, 0.4497073838], [0.0, 0.0, -0.4497073838]]
334;880;145.0;62.11224;[1.0, 0.0, 0.0];[[-0.4536964474, 0.4536964474, 0.0], [0.0, -0.4536964474, 0.4536964474], [0.0, 0.0, -0.4536964474]]
335;881;145.0;62.11224;[1.0, 0.0, 0.0];[[-0.4689004392, 0.4689004392, 0.0], [0.0, -0.4689004392, 0.4689004392], [0.0, 0.0, -0.4689004392]]
336;882;145.0;62.11224;[1.0, 0.0, 0.0];[[-0.4628488717, 0.4628488717, 0.0], [0.0, -0.4628488717, 0.4628488717], [0.0, 0.0, -0.4628488717]]
337;883;145.0;62.11224;[1.0, 0.0, 0.0];[[-0.4550121855, 0.4550121855, 0.0], [0.0, -0.4550121855, 0.4550121855], [0.0, 0.0, -0.4550121855]]
338;884;145.0;62.11224;[1.0, 0.0, 0.0];[[-0.4592140237, 0.4592140237, 0.0], [0.0, -0.4592140237, 0.4592140237], [0.0, 0.0, -0.4592140237]]
339;885;145.0;62.11224;[1.0, 0.0, 0.0];[[-0.4635808619, 0.4635808619, 0.0], [0.0, -0.4635808619, 0.4635808619], [0.0, 0.0, -0.4635808619]]
340;886;145.0;62.11224;[1.0, 0.0, 0.0];[[-0.4585503155, 0.4585503155, 0.0], [0.0, -0.4585503155, 0.4585503155], [0.0, 0.0, -0.4585503155]]
341;887;145.0;62.11224;[1.0, 0.0, 0.0];[[-0.454464018, 0.454464018, 0.0], [0.0, -0.454464018, 0.454464018], [0.0, 0.0, -0.454464018]]
342;888;145.0;62.11224;[1.0, 0.0, 0.0];[[-0.4603159567, 0.4603159567, 0.0], [0.0, -0.4603159567, 0.4603159567], [0.0, 0.0, -0.4603159567]]
343;889;145.0;62.11224;[1.0, 0.0, 0.0];[[-0.4698376304, 0.4698376304, 0.0], [0.0, -0.4698376304, 0.4698376304], [0.0, 0.0, -0.4698376304]]
344;890;145.0;62.11224;[1.0, 0.0, 0.0];[[-0.454320592, 0.454320592, 0.0], [0.0, -0.454320592, 0.454320592], [0.0, 0.0, -0.454320592]]
345;891;145.0;62.11224;[1.0, 0.0, 0.0];[[-0.466877584, 0.466877584, 0.0], [0.0, -0.466877584, 0.466877584], [0.0, 0.0, -0.466877584]]
346;892;145.0;62.11224;[1.0, 0.0, 0.0];[[-0.4756169598, 0.4756169598, 0.0], [0.0, -0.4756169598, 0.4756169598], [0.0, 0.0, -0.4756169598]]
347;893;145.0;62.11224;[1.0, 0.0, 0.0];[[-0.4752904646, 0.4752904646, 0.0], [0.0, -0.4752904646, 0.4752904646], [0.0, 0.0, -0.4752904646]]
348;894;145.0;62.11224;[1.0, 0.0, 0.0];[[-0.4769197377, 0.4769197377, 0.0], [0.0, -0.4769197377, 0.4769197377], [0.0, 0.0, -0.4769197377]]
349;895;145.0;62.11224;[1.0, 0.0, 0.0];[[-0.4623386811, 0.4623386811, 0.0], [0.0, -0.4623386811, 0.4623386811], [0.0, 0.0, -0.4623386811]]
350;896;145.0;62.11224;[1.0, 0.0, 0.0];[[-0.4736744647, 0.4736744647, 0.0], [0.0, -0.4736744647, 0.4736744647], [0.0, 0.0, -0.4736744647]]
351;897;145.0;62.11224;[1.0, 0.0, 0.0];[[-0.4705534193, 0.4705534193, 0.0], [0.0, -0.4705534193, 0.4705534193], [0.0, 0.0, -0.4705534193]]
352;898;145.0;62.11224;[1.0, 0.0, 0.0];[[-0.4521227925, 0.4521227925, 0.0], [0.0, -0.4521227925, 0.4521227925], [0.0, 0.0, -0.4521227925]]
353;899;145.0;62.11224;[1.0, 0.0, 0.0];[[-0.4546715951, 0.4546715951, 0.0], [0.0, -0.4546715951, 0.4546715951], [0.0, 0.0, -0.4546715951]]
354;900;145.0;62.11224;[1.0, 0.0, 0.0];[[-0.4570221707, 0.4570221707, 0.0], [0.0, -0.4570221707, 0.4570221707], [0.0, 0.0, -0.4570221707]]
355;901;145.0;62.11224;[1.0, 0.0, 0.0];[[-0.4708806066, 0.4708806066, 0.0], [0.0, -0.4708806066, 0.4708806066], [0.0, 0.0, -0.4708806066]]
356;902;145.0;62.11224;[1.0, 0.0, 0.0];[[-0.4762581786, 0.4762581786, 0.0], [0.0, -0.4762581786, 0.4762581786], [0.0, 0.0, -0.4762581786]]
357;903;145.0;62.11224;[1.0, 0.0, 0.0];[[-0.4717910718, 0.4717910718, 0.0], [0.0, -0.4717910718, 0.4717910718], [0.0, 0.0, -0.4717910718]]
358;904;145.0;62.11224;[1.0, 0.0, 0.0];[[-0.4491656627, 0.4491656627, 0.0], [0.0, -0.4491656627, 0.4491656627], [0.0, 0.0, -0.4491656627]]
359;905;145.0;62.11224;[1.0, 0.0, 0.0];[[-0.4681133899, 0.4681133899, 0.0], [0.0, -0.4681133899, 0.4681133899], [0.0, 0.0, -0.4681133899]]
360;906;145.0;62.11224;[1.0, 0.0, 0.0];[[-0.4511003524, 0.4511003524, 0.0], [0.0, -0.4511003524, 0.4511003524], [0.0, 0.0, -0.4511003524]]
