1;547;145.0;62.11224;[1.0, 0.0, 0.0];[[-0.6099971244, 0.6099971244, 0.0], [0.0, -0.6099971244, 0.6099971244], [0.0, 0.0, -0.6099971244]]
2;548;145.0;62.11224;[1.0, 0.0, 0.0];[[-0.609938954, 0.609938954, 0.0], [0.0, -0.609938954, 0.609938954], [0.0, 0.0, -0.609938954]]
3;549;145.0;62.11224;[1.0, 0.0, 0.0];[[-0.6192208713, 0.6192208713, 0.0], [0.0, -0.6192208713, 0.6192208713], [0.0, 0.0, -0.6192208713]]
4;550;145.0;62.11224;[1.0, 0.0, 0.0];[[-0.6166125982, 0.6166125982, 0.0], [0.0, -0.6166125982, 0.6166125982], [0.0, 0.0, -0.6166125982]]
5;551;145.0;62.11224;[1.0, 0.0, 0.0];[[-0.6190661772, 0.6190661772, 0.0], [0.0, -0.6190661772, 0.6190661772], [0.0, 0.0, -0.6190661772]]
6;552;145.0;62.11224;[1.0, 0.0, 0.0];[[-0.6070036854, 0.6070036854, 0.0], [0.0, -0.6070036854, 0.6070036854], [0.0, 0.0, -0.6070036854]]
7;553;145.0;62.11224;[1.0, 0.0, 0.0];[[-0.6043080341, 0.6043080341, 0.0], [0.0, -0.6043080341, 0.6043080341], [0.0, 0.0, -0.6043080341]]
8;554;145.0;62.11224;[1.0, 0.0, 0.0];[[-0.6126530782, 0.6126530782, 0.0], [0.0, -0.6126530782, 0.6126530782], [0.0, 0.0, -0.6126530782]]
9;555;145.0;62.11224;[1.0, 0.0, 0.0];[[-0.6017233233, 0.6017233233, 0.0], [0.0, -0.6017233233, 0.6017233233], [0.0, 0.0, -0.6017233233]]
10;556;145.0;62.11224;[1.0, 0.0, 0.0];[[-0.626693517, 0.626693517, 0.0], [0.0, -0.626693517, 0.626693517], [0.0, 0.0, -0.626693517]]
11;557;145.0;62.11224;[1.0, 0.0, 0.0];[[-0.6126579662, 0.6126579662, 0.0], [0.0, -0.6126579662, 0.6126579662], [0.0, 0.0, -0.6126579662]]
12;558;145.0;62.11224;[1.0, 0.0, 0.0];[[-0.6147759222, 0.6147759222, 0.0], [0.0, -0.6147759222, 0.6147759222], [0.0, 0.0, -0.6147759222]]
13;559;145.0;62.11224;[1.0, 0.0, 0.0];[[-0.6110048098, 0.6110048098, 0.0], [0.0, -0.6110048098, 0.6110048098], [0.0, 0.0, -0.6110048098]]
14;560;145.0;62.11224;[1.0, 0.0, 0.0];[[-0.6134151256, 0.6134151256, 0.0], [0.0, -0.6134151256, 0.6134151256], [0.0, 0.0, -0.6134151256]]
15;561;145.0;62.11224;[1.0, 0.0, 0.0];[[-0.4090603986, 0.4090603986, 0.0], [0.0, -0.4090603986, 0.0], [0.0, 0.0, -0.2210068823]]
16;562;145.0;62.11224;[1.0, 0.0, 0.0];[[-0.6101839289, 0.6101839289, 0.0], [0.0, -0.6101839289, 0.6101839289], [0.0, 0.0, -0.6101839289]]
17;563;145.0;62.11224;[1.0, 0.0, 0.0];[[-0.6046219972, 0.6046219972, 0.0], [0.0, -0.6046219972, 0.6046219972], [0.0, 0.0, -0.6046219972]]
18;564;145.0;62.11224;[1.0, 0.0, 0.0];[[-0.6099456673, 0.6099456673, 0.0], [0.0, -0.6099456673, 0.6099456673], [0.0, 0.0, -0.6099456673]]
19;565;145.0;62.11224;[1.0, 0.0, 0.0];[[-0.6124728622, 0.6124728622, 0.0], [0.0, -0.6124728622, 0.6124728622], [0.0, 0.0, -0.6124728622]]
20;566;145.0;62.11224;[1.0, 0.0, 0.0];[[-0.4040158654, 0.4040158654, 0.0], [0.0, -0.4040158654, 0.0], [0.0, 0.0, -0.2205484054]]
21;567;145.0;62.11224;[1.0, 0.0, 0.0];[[-0.6094595057, 0.6094595057, 0.0], [0.0, -0.6094595057, 0.6094595057], [0.0, 0.0, -0.6094595057]]
22;568;145.0;62.11224;[1.0, 0.0, 0.0];[[-0.6069401823, 0.6069401823, 0.0], [0.0, -0.6069401823, 0.6069401823], [0.0, 0.0, -0.6069401823]]
23;569;145.0;62.11224;[1.0, 0.0, 0.0];[[-0.6139569593, 0.6139569593, 0.0], [0.0, -0.6139569593, 0.6139569593], [0.0, 0.0, -0.6139569593]]
24;570;145.0;62.11224;[1.0, 0.0, 0.0];[[-0.4088918321, 0.4088918321, 0.0], [0.0, -0.4088918321, 0.0], [0.0, 0.0, -0.2239137]]
25;571;145.0;62.11224;[1.0, 0.0, 0.0];[[-0.6163288743, 0.6163288743, 0.0], [0.0, -0.6163288743, 0.6163288743], [0.0, 0.0, -0.6163288743]]
26;572;145.0;62.11224;[1.0, 0.0, 0.0];[[-0.6170798704, 0.6170798704, 0.0], [0.0, -0.6170798704, 0.6170798704], [0.0, 0.0, -0.6170798704]]
27;573;145.0;62.11224;[1.0, 0.0, 0.0];[[-0.6131109877, 0.6131109877, 0.0], [0.0, -0.6131109877, 0.6131109877], [0.0, 0.0, -0.6131109877]]
28;574;145.0;62.11224;[1.0, 0.0, 0.0];[[-0.606859188, 0.606859188, 0.0], [0.0, -0.606859188, 0.606859188], [0.0, 0.0, -0.606859188]]
29;575;145.0;62.11224;[1.0, 0.0, 0.0];[[-0.6171302576, 0.6171302576, 0.0], [0.0, -0.6171302576, 0.6171302576], [0.0, 0.0, -0.6171302576]]
30;576;145.0;62.11224;[1.0, 0.0, 0.0];[[-0.6115453059, 0.6115453059, 0.0], [0.0, -0.6115453059, 0.6115453059], [0.0, 0.0, -0.6115453059]]
31;577;145.0;62.11224;[1.0, 0.0, 0.0];[[-0.6101673477, 0.6101673477, 0.0], [0.0, -0.6101673477, 0.6101673477], [0.0, 0.0, -0.6101673477]]
32;578;145.0;62.11224;[1.0, 0.0, 0.0];[[-0.6191827398, 0.6191827398, 0.0], [0.0, -0.6191827398, 0.6191827398], [0.0, 0.0, -0.6191827398]]
33;579;145.0;62.11224;[1.0, 0.0, 0.0];[[-0.5995357511, 0.5995357511, 0.0], [0.0, -0.5995357511, 0.5995357511], [0.0, 0.0, -0.5995357511]]
34;580;145.0;62.11224;[1.0, 0.0, 0.0];[[-0.409349243, 0.409349243, 0.0], [0.0, -0.409349243, 0.0], [0.0, 0.0, -0.2229968581]]
35;581;145.0;62.11224;[1.0, 0.0, 0.0];[[-0.6183577997, 0.6183577997, 0.0], [0.0, -0.6183577997, 0.6183577997], [0.0, 0.0, -0.6183577997]]
36;582;145.0;62.11224;[1.0, 0.0, 0.0];[[-0.6194609142, 0.6194609142, 0.0], [0.0, -0.6194609142, 0.6194609142], [0.0, 0.0, -0.6194609142]]
37;583;145.0;62.11224;[1.0, 0.0, 0.0];[[-0.6154659766, 0.6154659766, 0.0], [0.0, -0.6154659766, 0.6154659766], [0.0, 0.0, -0.6154659766]]
38;584;145.0;62.11224;[1.0, 0.0, 0.0];[[-0.4044337303, 0.4044337303, 0.0], [0.0, -0.4044337303, 0.0], [0.0, 0.0, -0.2184688607]]
39;585;145.0;62.11224;[1.0, 0.0, 0.0];[[-0.4096453999, 0.4096453999, 0.0], [0.0, -0.4096453999, 0.0], [0.0, 0.0, -0.2266657802]]
40;586;145.0;62.11224;[1.0, 0.0, 0.0];[[-0.6066164836, 0.6066164836, 0.0], [0.0, -0.6066164836, 0.6066164836], [0.0, 0.0, -0.6066164836]]
41;587;145.0;62.11224;[1.0, 0.0, 0.0];[[-0.6208114017, 0.6208114017, 0.0], [0.0, -0.6208114017, 0.6208114017], [0.0, 0.0, -0.6208114017]]
42;588;145.0;62.11224;[1.0, 0.0, 0.0];[[-0.6177396304, 0.6177396304, 0.0], [0.0, -0.6177396304, 0.6177396304], [0.0, 0.0, -0.6177396304]]
43;589;145.0;62.11224;[1.0, 0.0, 0.0];[[-0.6114501145, 0.6114501145, 0.0], [0.0, -0.6114501145, 0.6114501145], [0.0, 0.0, -0.6114501145]]
44;590;145.0;62.11224;[1.0, 0.0, 0.0];[[-0.4114601971, 0.4114601971, 0.0], [0.0, -0.4114601971, 0.0], [0.0, 0.0, -0.2187554654]]
45;591;145.0;62.11224;[1.0, 0.0, 0.0];[[-0.6108045366, 0.6108045366, 0.0], [0.0, -0.6108045366, 0.6108045366], [0.0, 0.0, -0.6108045366]]
46;592;145.0;62.11224;[1.0, 0.0, 0.0];[[-0.6052982197, 0.6052982197, 0.0], [0.0, -0.6052982197, 0.6052982197], [0.0, 0.0, -0.6052982197]]
47;593;145.0;62.11224;[1.0, 0.0, 0.0];[[-0.5990368604, 0.5990368604, 0.0], [0.0, -0.5990368604, 0.5990368604], [0.0, 0.0, -0.5990368604]]
48;594;145.0;62.11224;[1.0, 0.0, 0.0];[[-0.5982789772, 0.5982789772, 0.0], [0.0, -0.5982789772, 0.5982789772], [0.0, 0.0, -0.5982789772]]
49;595;145.0;62.11224;[0.9999986375, 0.0, 1.3625e-06];[[-0.4066802326, 0.4066802326, 0.0], [0.0, -0.4066802326, 0.0], [0.0, 0.0, -0.2881938166]]
50;596;145.0;62.11224;[1.0, 0.0, 0.0];[[-0.6130921578, 0.6130921578, 0.0], [0.0, -0.6130921578, 0.6130921578], [0.0, 0.0, -0.6130921578]]
51;597;145.0;62.11224;[1.0, 0.0, 0.0];[[-0.6031663766, 0.6031663766, 0.0], [0.0, -0.6031663766, 0.6031663766], [0.0, 0.0, -0.6031663766]]
52;598;145.0;62.11224;[1.0, 0.0, 0.0];[[-0.6158774793, 0.6158774793, 0.0], [0.0, -0.6158774793, 0.6158774793], [0.0, 0.0, -0.6158774793]]
53;599;145.0;62.11224;[1.0, 0.0, 0.0];[[-0.6161830179, 0.6161830179, 0.0], [0.0, -0.6161830179, 0.6161830179], [0.0, 0.0, -0.6161830179]]
54;600;145.0;62.11224;[1.0, 0.0, 0.0];[[-0.6095147844, 0.6095147844, 0.0], [0.0, -0.6095147844, 0.6095147844], [0.0, 0.0, -0.6095147844]]
55;601;145.0;62.11224;[1.0, 0.0, 0.0];[[-0.6241563279, 0.6241563279, 0.0], [0.0, -0.6241563279, 0.6241563279], [0.0, 0.0, -0.6241563279]]
56;602;145.0;62.11224;[1.0, 0.0, 0.0];[[-0.6183609927, 0.6183609927, 0.0], [0.0, -0.6183609927, 0.6183609927], [0.0, 0.0, -0.6183609927]]
57;603;145.0;62.11224;[1.0, 0.0, 0.0];[[-0.4097178183, 0.4097178183, 0.0], [0.0, -0.4097178183, 0.0], [0.0, 0.0, -0.2248258126]]
58;604;145.0;62.11224;[1.0, 0.0, 0.0];[[-0.4194223069, 0.4194223069, 0.0], [0.0, -0.4194223069, 0.0], [0.0, 0.0, -0.2280738003]]
59;605;145.0;62.11224;[1.0, 0.0, 0.0];[[-0.6110454851, 0.6110454851, 0.0], [0.0, -0.6110454851, 0.6110454851], [0.0, 0.0, -0.6110454851]]
60;606;145.0;62.11224;[1.0, 0.0, 0.0];[[-0.6136930683, 0.6136930683, 0.0], [0.0, -0.6136930683, 0.6136930683], [0.0, 0.0, -0.6136930683]]
61;607;145.0;62.11224;[1.0, 0.0, 0.0];[[-0.616432687, 0.616432687, 0.0], [0.0, -0.616432687, 0.616432687], [0.0, 0.0, -0.616432687]]
62;608;145.0;62.11224;[1.0, 0.0, 0.0];[[-0.4174525272, 0.4174525272, 0.0], [0.0, -0.4174525272, 0.0], [0.0, 0.0, -0.2230514184]]
63;609;145.0;62.11224;[1.0, 0.0, 0.0];[[-0.4085207395, 0.4085207395, 0.0], [0.0, -0.4085207395, 0.0], [0.0, 0.0, -0.2177201307]]
64;610;145.0;62.11224;[1.0, 0.0, 0.0];[[-0.6090040684, 0.6090040684, 0.0], [0.0, -0.6090040684, 0.6090040684], [0.0, 0.0, -0.6090040684]]
65;611;145.0;62.11224;[1.0, 0.0, 0.0];[[-0.6122137418, 0.6122137418, 0.0], [0.0, -0.6122137418, 0.6122137418], [0.0, 0.0, -0.6122137418]]
66;612;145.0;62.11224;[0.997997998, 0.0, 0.0];[[-0.4044480654, 0.4044480654, 0.0], [0.0, -0.4044480654, 0.0], [0.0, 0.0, -0.2183648996]]
67;613;145.0;62.11224;[1.0, 0.0, 0.0];[[-0.6173637906, 0.6173637906, 0.0], [0.0, -0.6173637906, 0.6173637906], [0.0, 0.0, -0.6173637906]]
68;614;145.0;62.11224;[1.0, 0.0, 0.0];[[-0.6244705577, 0.6244705577, 0.0], [0.0, -0.6244705577, 0.6244705577], [0.0, 0.0, -0.6244705577]]
69;615;145.0;62.11224;[1.0, 0.0, 0.0];[[-0.6265144296, 0.6265144296, 0.0], [0.0, -0.6265144296, 0.6265144296], [0.0, 0.0, -0.6265144296]]
70;616;145.0;62.11224;[1.0, 0.0, 0.0];[[-0.6151512887, 0.6151512887, 0.0], [0.0, -0.6151512887, 0.6151512887], [0.0, 0.0, -0.6151512887]]
71;617;145.0;62.11224;[1.0, 0.0, 0.0];[[-0.6157960097, 0.6157960097, 0.0], [0.0, -0.6157960097, 0.6157960097], [0.0, 0.0, -0.6157960097]]
72;618;145.0;62.11224;[1.0, 0.0, 0.0];[[-0.4153021686, 0.4153021686, 0.0], [0.0, -0.4153021686, 0.0], [0.0, 0.0, -0.2201572645]]
73;619;145.0;62.11224;[1.0, 0.0, 0.0];[[-0.4119283618, 0.4119283618, 0.0], [0.0, -0.4119283618, 0.0], [0.0, 0.0, -0.2187628717]]
74;620;145.0;62.11224;[1.0, 0.0, 0.0];[[-0.6231882975, 0.6231882975, 0.0], [0.0, -0.6231882975, 0.6231882975], [0.0, 0.0, -0.6231882975]]
75;621;145.0;62.11224;[1.0, 0.0, 0.0];[[-0.6109185071, 0.6109185071, 0.0], [0.0, -0.6109185071, 0.6109185071], [0.0, 0.0, -0.6109185071]]
76;622;145.0;62.11224;[1.0, 0.0, 0.0];[[-0.6246052225, 0.6246052225, 0.0], [0.0, -0.6246052225, 0.6246052225], [0.0, 0.0, -0.6246052225]]
77;623;145.0;62.11224;[1.0, 0.0, 0.0];[[-0.6198256944, 0.6198256944, 0.0], [0.0, -0.6198256944, 0.6198256944], [0.0, 0.0, -0.6198256944]]
78;624;145.0;62.11224;[0.9999516704, 0.0, 4.83296e-05];[[-0.4101357614, 0.4101357614, 0.0], [0.0, -0.4101357614, 0.0], [0.0, 0.0, -0.3182557292]]
79;625;145.0;62.11224;[1.0, 0.0, 0.0];[[-0.6178143468, 0.6178143468, 0.0], [0.0, -0.6178143468, 0.6178143468], [0.0, 0.0, -0.6178143468]]
80;626;145.0;62.11224;[1.0, 0.0, 0.0];[[-0.6107341127, 0.6107341127, 0.0], [0.0, -0.6107341127, 0.6107341127], [0.0, 0.0, -0.6107341127]]
81;627;145.0;62.11224;[1.0, 0.0, 0.0];[[-0.4083927044, 0.4083927044, 0.0], [0.0, -0.4083927044, 0.0], [0.0, 0.0, -0.2233879385]]
82;628;145.0;62.11224;[1.0, 0.0, 0.0];[[-0.403783047, 0.403783047, 0.0], [0.0, -0.403783047, 0.0], [0.0, 0.0, -0.2161103422]]
83;629;145.0;62.11224;[1.0, 0.0, 0.0];[[-0.6143099112, 0.6143099112, 0.0], [0.0, -0.6143099112, 0.6143099112], [0.0, 0.0, -0.6143099112]]
84;630;145.0;62.11224;[1.0, 0.0, 0.0];[[-0.6185673658, 0.6185673658, 0.0], [0.0, -0.6185673658, 0.6185673658], [0.0, 0.0, -0.6185673658]]
85;631;145.0;62.11224;[1.0, 0.0, 0.0];[[-0.6069158704, 0.6069158704, 0.0], [0.0, -0.6069158704, 0.6069158704], [0.0, 0.0, -0.6069158704]]
86;632;145.0;62.11224;[0.998998999, 0.0, 0.0];[[-0.4087423981, 0.4087423981, 0.0], [0.0, -0.4087423981, 0.0], [0.0, 0.0, -0.2213875162]]
87;633;145.0;62.11224;[1.0, 0.0, 0.0];[[-0.6223579725, 0.6223579725, 0.0], [0.0, -0.6223579725, 0.6223579725], [0.0, 0.0, -0.6223579725]]
88;634;145.0;62.11224;[1.0, 0.0, 0.0];[[-0.4076716614, 0.4076716614, 0.0], [0.0, -0.4076716614, 0.0], [0.0, 0.0, -0.2150078355]]
89;635;145.0;62.11224;[1.0, 0.0, 0.0];[[-0.6176004203, 0.6176004203, 0.0], [0.0, -0.6176004203, 0.6176004203], [0.0, 0.0, -0.6176004203]]
90;636;145.0;62.11224;[1.0, 0.0, 0.0];[[-0.6211038821, 0.6211038821, 0.0], [0.0, -0.6211038821, 0.6211038821], [0.0, 0.0, -0.6211038821]]
91;637;145.0;62.11224;[1.0, 0.0, 0.0];[[-0.6119571643, 0.6119571643, 0.0], [0.0, -0.6119571643, 0.6119571643], [0.0, 0.0, -0.6119571643]]
92;638;145.0;62.11224;[1.0, 0.0, 0.0];[[-0.6136615596, 0.6136615596, 0.0], [0.0, -0.6136615596, 0.6136615596], [0.0, 0.0, -0.6136615596]]
93;639;145.0;62.11224;[1.0, 0.0, 0.0];[[-0.6007939469, 0.6007939469, 0.0], [0.0, -0.6007939469, 0.6007939469], [0.0, 0.0, -0.6007939469]]
94;640;145.0;62.11224;[1.0, 0.0, 0.0];[[-0.6178554264, 0.6178554264, 0.0], [0.0, -0.6178554264, 0.6178554264], [0.0, 0.0, -0.6178554264]]
95;641;145.0;62.11224;[1.0, 0.0, 0.0];[[-0.4056801196, 0.4056801196, 0.0], [0.0, -0.4056801196, 0.0], [0.0, 0.0, -0.2162866546]]
96;642;145.0;62.11224;[1.0, 0.0, 0.0];[[-0.6032999466, 0.6032999466, 0.0], [0.0, -0.6032999466, 0.6032999466], [0.0, 0.0, -0.6032999466]]
97;643;145.0;62.11224;[1.0, 0.0, 0.0];[[-0.612043563, 0.612043563, 0.0], [0.0, -0.612043563, 0.612043563], [0.0, 0.0, -0.612043563]]
98;644;145.0;62.11224;[1.0, 0.0, 0.0];[[-0.4091394697, 0.4091394697, 0.0], [0.0, -0.4091394697, 0.0], [0.0, 0.0, -0.2186041076]]
99;645;145.0;62.11224;[1.0, 0.0, 0.0];[[-0.6231783002, 0.6231783002, 0.0], [0.0, -0.6231783002, 0.6231783002], [0.0, 0.0, -0.6231783002]]
100;646;145.0;62.11224;[1.0, 0.0, 0.0];[[-0.4036904897, 0.4036904897, 0.0], [0.0, -0.4036904897, 0.0], [0.0, 0.0, -0.2311539208]]
101;647;145.0;62.11224;[1.0, 0.0, 0.0];[[-0.6206965988, 0.6206965988, 0.0], [0.0, -0.6206965988, 0.6206965988], [0.0, 0.0, -0.6206965988]]
102;648;145.0;62.11224;[1.0, 0.0, 0.0];[[-0.6129527228, 0.6129527228, 0.0], [0.0, -0.6129527228, 0.6129527228], [0.0, 0.0, -0.6129527228]]
103;649;145.0;62.11224;[1.0, 0.0, 0.0];[[-0.6257738755, 0.6257738755, 0.0], [0.0, -0.6257738755, 0.6257738755], [0.0, 0.0, -0.6257738755]]
104;650;145.0;62.11224;[0.998998999, 0.0, 0.0];[[-0.4161970972, 0.4161970972, 0.0], [0.0, -0.4161970972, 0.0], [0.0, 0.0, -0.2258745351]]
105;651;145.0;62.11224;[1.0, 0.0, 0.0];[[-0.6158915841, 0.6158915841, 0.0], [0.0, -0.6158915841, 0.6158915841], [0.0, 0.0, -0.6158915841]]
106;652;145.0;62.11224;[1.0, 0.0, 0.0];[[-0.6185274252, 0.6185274252, 0.0], [0.0, -0.6185274252, 0.6185274252], [0.0, 0.0, -0.6185274252]]
107;653;145.0;62.11224;[1.0, 0.0, 0.0];[[-0.6128158259, 0.6128158259, 0.0], [0.0, -0.6128158259, 0.6128158259], [0.0, 0.0, -0.6128158259]]
108;654;145.0;62.11224;[1.0, 0.0, 0.0];[[-0.6075990473, 0.6075990473, 0.0], [0.0, -0.6075990473, 0.6075990473], [0.0, 0.0, -0.6075990473]]
109;655;145.0;62.11224;[1.0, 0.0, 0.0];[[-0.6155238799, 0.6155238799, 0.0], [0.0, -0.6155238799, 0.6155238799], [0.0, 0.0, -0.6155238799]]
110;656;145.0;62.11224;[1.0, 0.0, 0.0];[[-0.6150407972, 0.6150407972, 0.0], [0.0, -0.6150407972, 0.6150407972], [0.0, 0.0, -0.6150407972]]
111;657;145.0;62.11224;[1.0, 0.0, 0.0];[[-0.615327892, 0.615327892, 0.0], [0.0, -0.615327892, 0.615327892], [0.0, 0.0, -0.615327892]]
112;658;145.0;62.11224;[1.0, 0.0, 0.0];[[-0.6129198651, 0.6129198651, 0.0], [0.0, -0.6129198651, 0.6129198651], [0.0, 0.0, -0.6129198651]]
113;659;145.0;62.11224;[1.0, 0.0, 0.0];[[-0.6083138807, 0.6083138807, 0.0], [0.0, -0.6083138807, 0.6083138807], [0.0, 0.0, -0.6083138807]]
114;660;145.0;62.11224;[1.0, 0.0, 0.0];[[-0.6053881601, 0.6053881601, 0.0], [0.0, -0.6053881601, 0.6053881601], [0.0, 0.0, -0.6053881601]]
115;661;145.0;62.11224;[0.998998999, 0.0, 0.0];[[-0.3972047853, 0.3972047853, 0.0], [0.0, -0.3972047853, 0.0], [0.0, 0.0, -0.2110026338]]
116;662;145.0;62.11224;[1.0, 0.0, 0.0];[[-0.6207600087, 0.6207600087, 0.0], [0.0, -0.6207600087, 0.6207600087], [0.0, 0.0, -0.6207600087]]
117;663;145.0;62.11224;[1.0, 0.0, 0.0];[[-0.6218681543, 0.6218681543, 0.0], [0.0, -0.6218681543, 0.6218681543], [0.0, 0.0, -0.6218681543]]
118;664;145.0;62.11224;[1.0, 0.0, 0.0];[[-0.4045989481, 0.4045989481, 0.0], [0.0, -0.4045989481, 0.0], [0.0, 0.0, -0.2146631769]]
119;665;145.0;62.11224;[1.0, 0.0, 0.0];[[-0.6151275241, 0.6151275241, 0.0], [0.0, -0.6151275241, 0.6151275241], [0.0, 0.0, -0.6151275241]]
120;666;145.0;62.11224;[1.0, 0.0, 0.0];[[-0.6124570334, 0.6124570334, 0.0], [0.0, -0.6124570334, 0.6124570334], [0.0, 0.0, -0.6124570334]]
121;667;145.0;62.11224;[0.9970517863, 0.0, 0.0019472127];[[-0.4083146352, 0.4083146352, 0.0], [0.0, -0.4083146352, 0.0], [0.0, 0.0, -0.4012911352]]
122;668;145.0;62.11224;[1.0, 0.0, 0.0];[[-0.6109862972, 0.6109862972, 0.0], [0.0, -0.6109862972, 0.6109862972], [0.0, 0.0, -0.6109862972]]
123;669;145.0;62.11224;[1.0, 0.0, 0.0];[[-0.6158314259, 0.6158314259, 0.0], [0.0, -0.6158314259, 0.6158314259], [0.0, 0.0, -0.6158314259]]
124;670;145.0;62.11224;[1.0, 0.0, 0.0];[[-0.6239676282, 0.6239676282, 0.0], [0.0, -0.6239676282, 0.6239676282], [0.0, 0.0, -0.6239676282]]
125;671;145.0;62.11224;[1.0, 0.0, 0.0];[[-0.6285060135, 0.6285060135, 0.0], [0.0, -0.6285060135, 0.6285060135], [0.0, 0.0, -0.6285060135]]
126;672;145.0;62.11224;[1.0, 0.0, 0.0];[[-0.6180964639, 0.6180964639, 0.0], [0.0, -0.6180964639, 0.6180964639], [0.0, 0.0, -0.6180964639]]
127;673;145.0;62.11224;[1.0, 0.0, 0.0];[[-0.6059880509, 0.6059880509, 0.0], [0.0, -0.6059880509, 0.6059880509], [0.0, 0.0, -0.6059880509]]
128;674;145.0;62.11224;[1.0, 0.0, 0.0];[[-0.4118936002, 0.4118936002, 0.0], [0.0, -0.4118936002, 0.0], [0.0, 0.0, -0.21892821]]
129;675;145.0;62.11224;[1.0, 0.0, 0.0];[[-0.6122190587, 0.6122190587, 0.0], [0.0, -0.6122190587, 0.6122190587], [0.0, 0.0, -0.6122190587]]
130;676;145.0;62.11224;[1.0, 0.0, 0.0];[[-0.6191134456, 0.6191134456, 0.0], [0.0, -0.6191134456, 0.6191134456], [0.0, 0.0, -0.6191134456]]
131;677;145.0;62.11224;[1.0, 0.0, 0.0];[[-0.4020359353, 0.4020359353, 0.0], [0.0, -0.4020359353, 0.0], [0.0, 0.0, -0.2181552154]]
132;678;145.0;62.11224;[1.0, 0.0, 0.0];[[-0.6100280216, 0.6100280216, 0.0], [0.0, -0.6100280216, 0.6100280216], [0.0, 0.0, -0.6100280216]]
133;679;145.0;62.11224;[1.0, 0.0, 0.0];[[-0.4053040558, 0.4053040558, 0.0], [0.0, -0.4053040558, 0.0], [0.0, 0.0, -0.2190614798]]
134;680;145.0;62.11224;[1.0, 0.0, 0.0];[[-0.6211801143, 0.6211801143, 0.0], [0.0, -0.6211801143, 0.6211801143], [0.0, 0.0, -0.6211801143]]
135;681;145.0;62.11224;[1.0, 0.0, 0.0];[[-0.6145592462, 0.6145592462, 0.0], [0.0, -0.6145592462, 0.6145592462], [0.0, 0.0, -0.6145592462]]
136;682;145.0;62.11224;[1.0, 0.0, 0.0];[[-0.4103891283, 0.4103891283, 0.0], [0.0, -0.4103891283, 0.0], [0.0, 0.0, -0.2199536999]]
137;683;145.0;62.11224;[1.0, 0.0, 0.0];[[-0.4165844912, 0.4165844912, 0.0], [0.0, -0.4165844912, 0.0], [0.0, 0.0, -0.2224335299]]
138;684;145.0;62.11224;[1.0, 0.0, 0.0];[[-0.6207747083, 0.6207747083, 0.0], [0.0, -0.6207747083, 0.6207747083], [0.0, 0.0, -0.6207747083]]
139;685;145.0;62.11224;[1.0, 0.0, 0.0];[[-0.4119862758, 0.4119862758, 0.0], [0.0, -0.4119862758, 0.0], [0.0, 0.0, -0.2303631219]]
140;686;145.0;62.11224;[1.0, 0.0, 0.0];[[-0.616850141, 0.616850141, 0.0], [0.0, -0.616850141, 0.616850141], [0.0, 0.0, -0.616850141]]
141;687;145.0;62.11224;[1.0, 0.0, 0.0];[[-0.6127985171, 0.6127985171, 0.0], [0.0, -0.6127985171, 0.6127985171], [0.0, 0.0, -0.6127985171]]
142;688;145.0;62.11224;[1.0, 0.0, 0.0];[[-0.6108383052, 0.6108383052, 0.0], [0.0, -0.6108383052, 0.6108383052], [0.0, 0.0, -0.6108383052]]
143;689;145.0;62.11224;[1.0, 0.0, 0.0];[[-0.6180517017, 0.6180517017, 0.0], [0.0, -0.6180517017, 0.6180517017], [0.0, 0.0, -0.6180517017]]
144;690;145.0;62.11224;[1.0, 0.0, 0.0];[[-0.5966838598, 0.5966838598, 0.0], [0.0, -0.5966838598, 0.5966838598], [0.0, 0.0, -0.5966838598]]
145;691;145.0;62.11224;[1.0, 0.0, 0.0];[[-0.6197757439, 0.6197757439, 0.0], [0.0, -0.6197757439, 0.6197757439], [0.0, 0.0, -0.6197757439]]
146;692;145.0;62.11224;[1.0, 0.0, 0.0];[[-0.6148366638, 0.6148366638, 0.0], [0.0, -0.6148366638, 0.6148366638], [0.0, 0.0, -0.6148366638]]
147;693;145.0;62.11224;[1.0, 0.0, 0.0];[[-0.6156983702, 0.6156983702, 0.0], [0.0, -0.6156983702, 0.6156983702], [0.0, 0.0, -0.6156983702]]
148;694;145.0;62.11224;[1.0, 0.0, 0.0];[[-0.4102501763, 0.4102501763, 0.0], [0.0, -0.4102501763, 0.0], [0.0, 0.0, -0.2227616084]]
149;695;145.0;62.11224;[1.0, 0.0, 0.0];[[-0.6125913646, 0.6125913646, 0.0], [0.0, -0.6125913646, 0.6125913646], [0.0, 0.0, -0.6125913646]]
150;696;145.0;62.11224;[1.0, 0.0, 0.0];[[-0.6076005815, 0.6076005815, 0.0], [0.0, -0.6076005815, 0.6076005815], [0.0, 0.0, -0.6076005815]]
151;697;145.0;62.11224;[0.9999999999, 0.0, 1e-10];[[-0.4016417597, 0.4016417597, 0.0], [0.0, -0.4016417597, 0.0], [0.0, 0.0, -0.2389096608]]
152;698;145.0;62.11224;[1.0, 0.0, 0.0];[[-0.610903016, 0.610903016, 0.0], [0.0, -0.610903016, 0.610903016], [0.0, 0.0, -0.610903016]]
153;699;145.0;62.11224;[1.0, 0.0, 0.0];[[-0.6107457418, 0.6107457418, 0.0], [0.0, -0.6107457418, 0.6107457418], [0.0, 0.0, -0.6107457418]]
154;700;145.0;62.11224;[1.0, 0.0, 0.0];[[-0.6068978822, 0.6068978822, 0.0], [0.0, -0.6068978822, 0.6068978822], [0.0, 0.0, -0.6068978822]]
155;701;145.0;62.11224;[0.998998999, 0.0, 0.0];[[-0.4106046771, 0.4106046771, 0.0], [0.0, -0.4106046771, 0.0], [0.0, 0.0, -0.2177286069]]
156;702;145.0;62.11224;[0.998998999, 0.0, 0.0];[[-0.4093529213, 0.4093529213, 0.0], [0.0, -0.4093529213, 0.0], [0.0, 0.0, -0.2190557226]]
157;703;145.0;62.11224;[1.0, 0.0, 0.0];[[-0.6219061339, 0.6219061339, 0.0], [0.0, -0.6219061339, 0.6219061339], [0.0, 0.0, -0.6219061339]]
158;704;145.0;62.11224;[1.0, 0.0, 0.0];[[-0.6109517528, 0.6109517528, 0.0], [0.0, -0.6109517528, 0.6109517528], [0.0, 0.0, -0.6109517528]]
159;705;145.0;62.11224;[1.0, 0.0, 0.0];[[-0.4104043043, 0.4104043043, 0.0], [0.0, -0.4104043043, 0.0], [0.0, 0.0, -0.2384321755]]
160;706;145.0;62.11224;[0.9999999999, 0.0, 1e-10];[[-0.4127352179, 0.4127352179, 0.0], [0.0, -0.4127352179, 0.0], [0.0, 0.0, -0.2449654971]]
161;707;145.0;62.11224;[1.0, 0.0, 0.0];[[-0.616920395, 0.616920395, 0.0], [0.0, -0.616920395, 0.616920395], [0.0, 0.0, -0.616920395]]
162;708;145.0;62.11224;[1.0, 0.0, 0.0];[[-0.4162807855, 0.4162807855, 0.0], [0.0, -0.4162807855, 0.0], [0.0, 0.0, -0.2216567884]]
163;709;145.0;62.11224;[1.0, 0.0, 0.0];[[-0.6174908071, 0.6174908071, 0.0], [0.0, -0.6174908071, 0.6174908071], [0.0, 0.0, -0.6174908071]]
164;710;145.0;62.11224;[1.0, 0.0, 0.0];[[-0.6018937911, 0.6018937911, 0.0], [0.0, -0.6018937911, 0.6018937911], [0.0, 0.0, -0.6018937911]]
165;711;145.0;62.11224;[1.0, 0.0, 0.0];[[-0.6232827387, 0.6232827387, 0.0], [0.0, -0.6232827387, 0.6232827387], [0.0, 0.0, -0.6232827387]]
166;712;145.0;62.11224;[1.0, 0.0, 0.0];[[-0.6172937651, 0.6172937651, 0.0], [0.0, -0.6172937651, 0.6172937651], [0.0, 0.0, -0.6172937651]]
167;713;145.0;62.11224;[1.0, 0.0, 0.0];[[-0.6135935294, 0.6135935294, 0.0], [0.0, -0.6135935294, 0.6135935294], [0.0, 0.0, -0.6135935294]]
168;714;145.0;62.11224;[1.0, 0.0, 0.0];[[-0.4053039111, 0.4053039111, 0.0], [0.0, -0.4053039111, 0.0], [0.0, 0.0, -0.2137147876]]
169;715;145.0;62.11224;[1.0, 0.0, 0.0];[[-0.6059980514, 0.6059980514, 0.0], [0.0, -0.6059980514, 0.6059980514], [0.0, 0.0, -0.6059980514]]
170;716;145.0;62.11224;[1.0, 0.0, 0.0];[[-0.6097964117, 0.6097964117, 0.0], [0.0, -0.6097964117, 0.6097964117], [0.0, 0.0, -0.6097964117]]
171;717;145.0;62.11224;[1.0, 0.0, 0.0];[[-0.3970216451, 0.3970216451, 0.0], [0.0, -0.3970216451, 0.0], [0.0, 0.0, -0.2124259437]]
172;718;145.0;62.11224;[1.0, 0.0, 0.0];[[-0.6165911417, 0.6165911417, 0.0], [0.0, -0.6165911417, 0.6165911417], [0.0, 0.0, -0.6165911417]]
173;719;145.0;62.11224;[1.0, 0.0, 0.0];[[-0.4130187056, 0.4130187056, 0.0], [0.0, -0.4130187056, 0.0], [0.0, 0.0, -0.2318364885]]
174;720;145.0;62.11224;[1.0, 0.0, 0.0];[[-0.6235850206, 0.6235850206, 0.0], [0.0, -0.6235850206, 0.6235850206], [0.0, 0.0, -0.6235850206]]
175;721;145.0;62.11224;[1.0, 0.0, 0.0];[[-0.6044288545, 0.6044288545, 0.0], [0.0, -0.6044288545, 0.6044288545], [0.0, 0.0, -0.6044288545]]
176;722;145.0;62.11224;[1.0, 0.0, 0.0];[[-0.418635283, 0.418635283, 0.0], [0.0, -0.418635283, 0.0], [0.0, 0.0, -0.2222174127]]
177;723;145.0;62.11224;[1.0, 0.0, 0.0];[[-0.6122035232, 0.6122035232, 0.0], [0.0, -0.6122035232, 0.6122035232], [0.0, 0.0, -0.6122035232]]
178;724;145.0;62.11224;[1.0, 0.0, 0.0];[[-0.6156677375, 0.6156677375, 0.0], [0.0, -0.6156677375, 0.6156677375], [0.0, 0.0, -0.6156677375]]
179;725;145.0;62.11224;[1.0, 0.0, 0.0];[[-0.6196813857, 0.6196813857, 0.0], [0.0, -0.6196813857, 0.6196813857], [0.0, 0.0, -0.6196813857]]
180;726;145.0;62.11224;[1.0, 0.0, 0.0];[[-0.604021286, 0.604021286, 0.0], [0.0, -0.604021286, 0.604021286], [0.0, 0.0, -0.604021286]]
181;727;145.0;62.11224;[1.0, 0.0, 0.0];[[-0.6157883892, 0.6157883892, 0.0], [0.0, -0.6157883892, 0.6157883892], [0.0, 0.0, -0.6157883892]]
182;728;145.0;62.11224;[1.0, 0.0, 0.0];[[-0.6105288837, 0.6105288837, 0.0], [0.0, -0.6105288837, 0.6105288837], [0.0, 0.0, -0.6105288837]]
183;729;145.0;62.11224;[1.0, 0.0, 0.0];[[-0.6137966999, 0.6137966999, 0.0], [0.0, -0.6137966999, 0.6137966999], [0.0, 0.0, -0.6137966999]]
184;730;145.0;62.11224;[1.0, 0.0, 0.0];[[-0.6121522925, 0.6121522925, 0.0], [0.0, -0.6121522925, 0.6121522925], [0.0, 0.0, -0.6121522925]]
185;731;145.0;62.11224;[1.0, 0.0, 0.0];[[-0.4162871773, 0.4162871773, 0.0], [0.0, -0.4162871773, 0.0], [0.0, 0.0, -0.2438467415]]
186;732;145.0;62.11224;[0.998998999, 0.0, 0.0];[[-0.4143031181, 0.4143031181, 0.0], [0.0, -0.4143031181, 0.0], [0.0, 0.0, -0.2286595034]]
187;733;145.0;62.11224;[1.0, 0.0, 0.0];[[-0.4150502447, 0.4150502447, 0.0], [0.0, -0.4150502447, 0.0], [0.0, 0.0, -0.2221495053]]
188;734;145.0;62.11224;[0.998998999, 0.0, 0.0];[[-0.406908479, 0.406908479, 0.0], [0.0, -0.406908479, 0.0], [0.0, 0.0, -0.2129724685]]
189;735;145.0;62.11224;[1.0, 0.0, 0.0];[[-0.4141671906, 0.4141671906, 0.0], [0.0, -0.4141671906, 0.0], [0.0, 0.0, -0.2264554174]]
190;736;145.0;62.11224;[1.0, 0.0, 0.0];[[-0.6038420869, 0.6038420869, 0.0], [0.0, -0.6038420869, 0.6038420869], [0.0, 0.0, -0.6038420869]]
191;737;145.0;62.11224;[1.0, 0.0, 0.0];[[-0.4107068893, 0.4107068893, 0.0], [0.0, -0.4107068893, 0.0], [0.0, 0.0, -0.2161710439]]
192;738;145.0;62.11224;[1.0, 0.0, 0.0];[[-0.6166600835, 0.6166600835, 0.0], [0.0, -0.6166600835, 0.6166600835], [0.0, 0.0, -0.6166600835]]
193;739;145.0;62.11224;[1.0, 0.0, 0.0];[[-0.4029444336, 0.4029444336, 0.0], [0.0, -0.4029444336, 0.0], [0.0, 0.0, -0.2253599439]]
194;740;145.0;62.11224;[1.0, 0.0, 0.0];[[-0.6157133622, 0.6157133622, 0.0], [0.0, -0.6157133622, 0.6157133622], [0.0, 0.0, -0.6157133622]]
195;741;145.0;62.11224;[1.0, 0.0, 0.0];[[-0.6073286343, 0.6073286343, 0.0], [0.0, -0.6073286343, 0.6073286343], [0.0, 0.0, -0.6073286343]]
196;742;145.0;62.11224;[1.0, 0.0, 0.0];[[-0.6085749405, 0.6085749405, 0.0], [0.0, -0.6085749405, 0.6085749405], [0.0, 0.0, -0.6085749405]]
197;743;145.0;62.11224;[1.0, 0.0, 0.0];[[-0.6106285056, 0.6106285056, 0.0], [0.0, -0.6106285056, 0.6106285056], [0.0, 0.0, -0.6106285056]]
198;744;145.0;62.11224;[1.0, 0.0, 0.0];[[-0.6078278797, 0.6078278797, 0.0], [0.0, -0.6078278797, 0.6078278797], [0.0, 0.0, -0.6078278797]]
199;745;145.0;62.11224;[1.0, 0.0, 0.0];[[-0.6204760486, 0.6204760486, 0.0], [0.0, -0.6204760486, 0.6204760486], [0.0, 0.0, -0.6204760486]]
200;746;145.0;62.11224;[1.0, 0.0, 0.0];[[-0.6178245198, 0.6178245198, 0.0], [0.0, -0.6178245198, 0.6178245198], [0.0, 0.0, -0.6178245198]]
201;747;145.0;62.11224;[1.0, 0.0, 0.0];[[-0.400240086, 0.400240086, 0.0], [0.0, -0.400240086, 0.0], [0.0, 0.0, -0.2129982043]]
202;748;145.0;62.11224;[1.0, 0.0, 0.0];[[-0.6188521843, 0.6188521843, 0.0], [0.0, -0.6188521843, 0.6188521843], [0.0, 0.0, -0.6188521843]]
203;749;145.0;62.11224;[1.0, 0.0, 0.0];[[-0.620293397, 0.620293397, 0.0], [0.0, -0.620293397, 0.620293397], [0.0, 0.0, -0.620293397]]
204;750;145.0;62.11224;[1.0, 0.0, 0.0];[[-0.619974288, 0.619974288, 0.0], [0.0, -0.619974288, 0.619974288], [0.0, 0.0, -0.619974288]]
205;751;145.0;62.11224;[1.0, 0.0, 0.0];[[-0.4164515813, 0.4164515813, 0.0], [0.0, -0.4164515813, 0.0], [0.0, 0.0, -0.2219374806]]
206;752;145.0;62.11224;[1.0, 0.0, 0.0];[[-0.6125805392, 0.6125805392, 0.0], [0.0, -0.6125805392, 0.6125805392], [0.0, 0.0, -0.6125805392]]
207;753;145.0;62.11224;[1.0, 0.0, 0.0];[[-0.6132865989, 0.6132865989, 0.0], [0.0, -0.6132865989, 0.6132865989], [0.0, 0.0, -0.6132865989]]
208;754;145.0;62.11224;[1.0, 0.0, 0.0];[[-0.4139188974, 0.4139188974, 0.0], [0.0, -0.4139188974, 0.0], [0.0, 0.0, -0.2273938949]]
209;755;145.0;62.11224;[1.0, 0.0, 0.0];[[-0.6087378682, 0.6087378682, 0.0], [0.0, -0.6087378682, 0.6087378682], [0.0, 0.0, -0.6087378682]]
210;756;145.0;62.11224;[1.0, 0.0, 0.0];[[-0.6142889633, 0.6142889633, 0.0], [0.0, -0.6142889633, 0.6142889633], [0.0, 0.0, -0.6142889633]]
211;757;145.0;62.11224;[1.0, 0.0, 0.0];[[-0.6161734865, 0.6161734865, 0.0], [0.0, -0.6161734865, 0.6161734865], [0.0, 0.0, -0.6161734865]]
212;758;145.0;62.11224;[1.0, 0.0, 0.0];[[-0.6226504242, 0.6226504242, 0.0], [0.0, -0.6226504242, 0.6226504242], [0.0, 0.0, -0.6226504242]]
213;759;145.0;62.11224;[1.0, 0.0, 0.0];[[-0.4125957548, 0.4125957548, 0.0], [0.0, -0.4125957548, 0.0], [0.0, 0.0, -0.2190387593]]
214;760;145.0;62.11224;[1.0, 0.0, 0.0];[[-0.6162555217, 0.6162555217, 0.0], [0.0, -0.6162555217, 0.6162555217], [0.0, 0.0, -0.6162555217]]
215;761;145.0;62.11224;[1.0, 0.0, 0.0];[[-0.6126242851, 0.6126242851, 0.0], [0.0, -0.6126242851, 0.6126242851], [0.0, 0.0, -0.6126242851]]
216;762;145.0;62.11224;[1.0, 0.0, 0.0];[[-0.6180110395, 0.6180110395, 0.0], [0.0, -0.6180110395, 0.6180110395], [0.0, 0.0, -0.6180110395]]
217;763;145.0;62.11224;[1.0, 0.0, 0.0];[[-0.6229613389, 0.6229613389, 0.0], [0.0, -0.6229613389, 0.6229613389], [0.0, 0.0, -0.6229613389]]
218;764;145.0;62.11224;[1.0, 0.0, 0.0];[[-0.6220101453, 0.6220101453, 0.0], [0.0, -0.6220101453, 0.6220101453], [0.0, 0.0, -0.6220101453]]
219;765;145.0;62.11224;[1.0, 0.0, 0.0];[[-0.60958509, 0.60958509, 0.0], [0.0, -0.60958509, 0.60958509], [0.0, 0.0, -0.60958509]]
220;766;145.0;62.11224;[1.0, 0.0, 0.0];[[-0.6036181803, 0.6036181803, 0.0], [0.0, -0.6036181803, 0.6036181803], [0.0, 0.0, -0.6036181803]]
221;767;145.0;62.11224;[1.0, 0.0, 0.0];[[-0.6142020205, 0.6142020205, 0.0], [0.0, -0.6142020205, 0.6142020205], [0.0, 0.0, -0.6142020205]]
222;768;145.0;62.11224;[1.0, 0.0, 0.0];[[-0.6134781379, 0.6134781379, 0.0], [0.0, -0.6134781379, 0.6134781379], [0.0, 0.0, -0.6134781379]]
223;769;145.0;62.11224;[1.0, 0.0, 0.0];[[-0.419266181, 0.419266181, 0.0], [0.0, -0.419266181, 0.0], [0.0, 0.0, -0.221286935]]
224;770;145.0;62.11224;[1.0, 0.0, 0.0];[[-0.6037433994, 0.6037433994, 0.0], [0.0, -0.6037433994, 0.6037433994], [0.0, 0.0, -0.6037433994]]
225;771;145.0;62.11224;[1.0, 0.0, 0.0];[[-0.6103882967, 0.6103882967, 0.0], [0.0, -0.6103882967, 0.6103882967], [0.0, 0.0, -0.6103882967]]
226;772;145.0;62.11224;[1.0, 0.0, 0.0];[[-0.6148400779, 0.6148400779, 0.0], [0.0, -0.6148400779, 0.6148400779], [0.0, 0.0, -0.6148400779]]
227;773;145.0;62.11224;[1.0, 0.0, 0.0];[[-0.6189490576, 0.6189490576, 0.0], [0.0, -0.6189490576, 0.6189490576], [0.0, 0.0, -0.6189490576]]
228;774;145.0;62.11224;[1.0, 0.0, 0.0];[[-0.6043942552, 0.6043942552, 0.0], [0.0, -0.6043942552, 0.6043942552], [0.0, 0.0, -0.6043942552]]
229;775;145.0;62.11224;[1.0, 0.0, 0.0];[[-0.6119327701, 0.6119327701, 0.0], [0.0, -0.6119327701, 0.6119327701], [0.0, 0.0, -0.6119327701]]
230;776;145.0;62.11224;[1.0, 0.0, 0.0];[[-0.6192394815, 0.6192394815, 0.0], [0.0, -0.6192394815, 0.6192394815], [0.0, 0.0, -0.6192394815]]
231;777;145.0;62.11224;[1.0, 0.0, 0.0];[[-0.6185209973, 0.6185209973, 0.0], [0.0, -0.6185209973, 0.6185209973], [0.0, 0.0, -0.6185209973]]
232;778;145.0;62.11224;[1.0, 0.0, 0.0];[[-0.6260124087, 0.6260124087, 0.0], [0.0, -0.6260124087, 0.6260124087], [0.0, 0.0, -0.6260124087]]
233;779;145.0;62.11224;[1.0, 0.0, 0.0];[[-0.6058999864, 0.6058999864, 0.0], [0.0, -0.6058999864, 0.6058999864], [0.0, 0.0, -0.6058999864]]
234;780;145.0;62.11224;[1.0, 0.0, 0.0];[[-0.4079074486, 0.4079074486, 0.0], [0.0, -0.4079074486, 0.0], [0.0, 0.0, -0.2227583435]]
235;781;145.0;62.11224;[1.0, 0.0, 0.0];[[-0.4054955805, 0.4054955805, 0.0], [0.0, -0.4054955805, 0.0], [0.0, 0.0, -0.2197573252]]
236;782;145.0;62.11224;[1.0, 0.0, 0.0];[[-0.4054977165, 0.4054977165, 0.0], [0.0, -0.4054977165, 0.0], [0.0, 0.0, -0.217327492]]
237;783;145.0;62.11224;[1.0, 0.0, 0.0];[[-0.6096581483, 0.6096581483, 0.0], [0.0, -0.6096581483, 0.6096581483], [0.0, 0.0, -0.6096581483]]
238;784;145.0;62.11224;[1.0, 0.0, 0.0];[[-0.6162529349, 0.6162529349, 0.0], [0.0, -0.6162529349, 0.6162529349], [0.0, 0.0, -0.6162529349]]
239;785;145.0;62.11224;[1.0, 0.0, 0.0];[[-0.4075323972, 0.4075323972, 0.0], [0.0, -0.4075323972, 0.0], [0.0, 0.0, -0.2199347889]]
240;786;145.0;62.11224;[1.0, 0.0, 0.0];[[-0.6146686665, 0.6146686665, 0.0], [0.0, -0.6146686665, 0.6146686665], [0.0, 0.0, -0.6146686665]]
241;787;145.0;62.11224;[1.0, 0.0, 0.0];[[-0.6186697183, 0.6186697183, 0.0], [0.0, -0.6186697183, 0.6186697183], [0.0, 0.0, -0.6186697183]]
242;788;145.0;62.11224;[1.0, 0.0, 0.0];[[-0.6104516984, 0.6104516984, 0.0], [0.0, -0.6104516984, 0.6104516984], [0.0, 0.0, -0.6104516984]]
243;789;145.0;62.11224;[1.0, 0.0, 0.0];[[-0.4019189715, 0.4019189715, 0.0], [0.0, -0.4019189715, 0.0], [0.0, 0.0, -0.2173587416]]
244;790;145.0;62.11224;[1.0, 0.0, 0.0];[[-0.4076321566, 0.4076321566, 0.0], [0.0, -0.4076321566, 0.0], [0.0, 0.0, -0.2211915976]]
245;791;145.0;62.11224;[1.0, 0.0, 0.0];[[-0.5957462059, 0.5957462059, 0.0], [0.0, -0.5957462059, 0.5957462059], [0.0, 0.0, -0.5957462059]]
246;792;145.0;62.11224;[1.0, 0.0, 0.0];[[-0.4062628287, 0.4062628287, 0.0], [0.0, -0.4062628287, 0.0], [0.0, 0.0, -0.2171974695]]
247;793;145.0;62.11224;[1.0, 0.0, 0.0];[[-0.6068036048, 0.6068036048, 0.0], [0.0, -0.6068036048, 0.6068036048], [0.0, 0.0, -0.6068036048]]
248;794;145.0;62.11224;[1.0, 0.0, 0.0];[[-0.6044354344, 0.6044354344, 0.0], [0.0, -0.6044354344, 0.6044354344], [0.0, 0.0, -0.6044354344]]
249;795;145.0;62.11224;[1.0, 0.0, 0.0];[[-0.6132080404, 0.6132080404, 0.0], [0.0, -0.6132080404, 0.6132080404], [0.0, 0.0, -0.6132080404]]
250;796;145.0;62.11224;[1.0, 0.0, 0.0];[[-0.617068469, 0.617068469, 0.0], [0.0, -0.617068469, 0.617068469], [0.0, 0.0, -0.617068469]]
251;797;145.0;62.11224;[1.0, 0.0, 0.0];[[-0.4075979547, 0.4075979547, 0.0], [0.0, -0.4075979547, 0.0], [0.0, 0.0, -0.217708335]]
252;798;145.0;62.11224;[1.0, 0.0, 0.0];[[-0.6212213166, 0.6212213166, 0.0], [0.0, -0.6212213166, 0.6212213166], [0.0, 0.0, -0.6212213166]]
253;799;145.0;62.11224;[1.0, 0.0, 0.0];[[-0.612590042, 0.612590042, 0.0], [0.0, -0.612590042, 0.612590042], [0.0, 0.0, -0.612590042]]
254;800;145.0;62.11224;[1.0, 0.0, 0.0];[[-0.6117269849, 0.6117269849, 0.0], [0.0, -0.6117269849, 0.6117269849], [0.0, 0.0, -0.6117269849]]
255;801;145.0;62.11224;[0.998998999, 0.0, 0.0];[[-0.4082362386, 0.4082362386, 0.0], [0.0, -0.4082362386, 0.0], [0.0, 0.0, -0.223115865]]
256;802;145.0;62.11224;[1.0, 0.0, 0.0];[[-0.4184884031, 0.4184884031, 0.0], [0.0, -0.4184884031, 0.0], [0.0, 0.0, -0.2201414581]]
257;803;145.0;62.11224;[1.0, 0.0, 0.0];[[-0.6127210226, 0.6127210226, 0.0], [0.0, -0.6127210226, 0.6127210226], [0.0, 0.0, -0.6127210226]]
258;804;145.0;62.11224;[1.0, 0.0, 0.0];[[-0.6160590743, 0.6160590743, 0.0], [0.0, -0.6160590743, 0.6160590743], [0.0, 0.0, -0.6160590743]]
259;805;145.0;62.11224;[1.0, 0.0, 0.0];[[-0.6206893602, 0.6206893602, 0.0], [0.0, -0.6206893602, 0.6206893602], [0.0, 0.0, -0.6206893602]]
260;806;145.0;62.11224;[1.0, 0.0, 0.0];[[-0.6165088218, 0.6165088218, 0.0], [0.0, -0.6165088218, 0.6165088218], [0.0, 0.0, -0.6165088218]]
261;807;145.0;62.11224;[1.0, 0.0, 0.0];[[-0.6169724348, 0.6169724348, 0.0], [0.0, -0.6169724348, 0.6169724348], [0.0, 0.0, -0.6169724348]]
262;808;145.0;62.11224;[1.0, 0.0, 0.0];[[-0.6115459349, 0.6115459349, 0.0], [0.0, -0.6115459349, 0.6115459349], [0.0, 0.0, -0.6115459349]]
263;809;145.0;62.11224;[1.0, 0.0, 0.0];[[-0.6164123204, 0.6164123204, 0.0], [0.0, -0.6164123204, 0.6164123204], [0.0, 0.0, -0.6164123204]]
264;810;145.0;62.11224;[1.0, 0.0, 0.0];[[-0.6019585063, 0.6019585063, 0.0], [0.0, -0.6019585063, 0.6019585063], [0.0, 0.0, -0.6019585063]]
265;811;145.0;62.11224;[1.0, 0.0, 0.0];[[-0.6177054585, 0.6177054585, 0.0], [0.0, -0.6177054585, 0.6177054585], [0.0, 0.0, -0.6177054585]]
266;812;145.0;62.11224;[1.0, 0.0, 0.0];[[-0.6024330122, 0.6024330122, 0.0], [0.0, -0.6024330122, 0.6024330122], [0.0, 0.0, -0.6024330122]]
267;813;145.0;62.11224;[1.0, 0.0, 0.0];[[-0.6063455155, 0.6063455155, 0.0], [0.0, -0.6063455155, 0.6063455155], [0.0, 0.0, -0.6063455155]]
268;814;145.0;62.11224;[0.998998999, 0.0, 0.0];[[-0.4013315651, 0.4013315651, 0.0], [0.0, -0.4013315651, 0.0], [0.0, 0.0, -0.2113157586]]
269;815;145.0;62.11224;[1.0, 0.0, 0.0];[[-0.6093144527, 0.6093144527, 0.0], [0.0, -0.6093144527, 0.6093144527], [0.0, 0.0, -0.6093144527]]
270;816;145.0;62.11224;[1.0, 0.0, 0.0];[[-0.6141595596, 0.6141595596, 0.0], [0.0, -0.6141595596, 0.6141595596], [0.0, 0.0, -0.6141595596]]
271;817;145.0;62.11224;[1.0, 0.0, 0.0];[[-0.4123083027, 0.4123083027, 0.0], [0.0, -0.4123083027, 0.0], [0.0, 0.0, -0.2231608975]]
272;818;145.0;62.11224;[1.0, 0.0, 0.0];[[-0.6142437259, 0.6142437259, 0.0], [0.0, -0.6142437259, 0.6142437259], [0.0, 0.0, -0.6142437259]]
273;819;145.0;62.11224;[1.0, 0.0, 0.0];[[-0.6062285772, 0.6062285772, 0.0], [0.0, -0.6062285772, 0.6062285772], [0.0, 0.0, -0.6062285772]]
274;820;145.0;62.11224;[1.0, 0.0, 0.0];[[-0.5999978501, 0.5999978501, 0.0], [0.0, -0.5999978501, 0.5999978501], [0.0, 0.0, -0.5999978501]]
275;821;145.0;62.11224;[1.0, 0.0, 0.0];[[-0.607718179, 0.607718179, 0.0], [0.0, -0.607718179, 0.607718179], [0.0, 0.0, -0.607718179]]
276;822;145.0;62.11224;[1.0, 0.0, 0.0];[[-0.6250033496, 0.6250033496, 0.0], [0.0, -0.6250033496, 0.6250033496], [0.0, 0.0, -0.6250033496]]
277;823;145.0;62.11224;[1.0, 0.0, 0.0];[[-0.6154732748, 0.6154732748, 0.0], [0.0, -0.6154732748, 0.6154732748], [0.0, 0.0, -0.6154732748]]
278;824;145.0;62.11224;[1.0, 0.0, 0.0];[[-0.6197459144, 0.6197459144, 0.0], [0.0, -0.6197459144, 0.6197459144], [0.0, 0.0, -0.6197459144]]
279;825;145.0;62.11224;[1.0, 0.0, 0.0];[[-0.6093860909, 0.6093860909, 0.0], [0.0, -0.6093860909, 0.6093860909], [0.0, 0.0, -0.6093860909]]
280;826;145.0;62.11224;[1.0, 0.0, 0.0];[[-0.6161821538, 0.6161821538, 0.0], [0.0, -0.6161821538, 0.6161821538], [0.0, 0.0, -0.6161821538]]
281;827;145.0;62.11224;[1.0, 0.0, 0.0];[[-0.6016634652, 0.6016634652, 0.0], [0.0, -0.6016634652, 0.6016634652], [0.0, 0.0, -0.6016634652]]
282;828;145.0;62.11224;[0.998998999, 0.0, 0.0];[[-0.4101196221, 0.4101196221, 0.0], [0.0, -0.4101196221, 0.0], [0.0, 0.0, -0.220707199]]
283;829;145.0;62.11224;[1.0, 0.0, 0.0];[[-0.6108882266, 0.6108882266, 0.0], [0.0, -0.6108882266, 0.6108882266], [0.0, 0.0, -0.6108882266]]
284;830;145.0;62.11224;[1.0, 0.0, 0.0];[[-0.6197218605, 0.6197218605, 0.0], [0.0, -0.6197218605, 0.6197218605], [0.0, 0.0, -0.6197218605]]
285;831;145.0;62.11224;[1.0, 0.0, 0.0];[[-0.6239091914, 0.6239091914, 0.0], [0.0, -0.6239091914, 0.6239091914], [0.0, 0.0, -0.6239091914]]
286;832;145.0;62.11224;[1.0, 0.0, 0.0];[[-0.6214263608, 0.6214263608, 0.0], [0.0, -0.6214263608, 0.6214263608], [0.0, 0.0, -0.6214263608]]
287;833;145.0;62.11224;[1.0, 0.0, 0.0];[[-0.6122369336, 0.6122369336, 0.0], [0.0, -0.6122369336, 0.6122369336], [0.0, 0.0, -0.6122369336]]
288;834;145.0;62.11224;[1.0, 0.0, 0.0];[[-0.4139463254, 0.4139463254, 0.0], [0.0, -0.4139463254, 0.0], [0.0, 0.0, -0.2157573613]]
289;835;145.0;62.11224;[0.998998999, 0.0, 0.0];[[-0.4133116931, 0.4133116931, 0.0], [0.0, -0.4133116931, 0.0], [0.0, 0.0, -0.2234910419]]
290;836;145.0;62.11224;[1.0, 0.0, 0.0];[[-0.413494223, 0.413494223, 0.0], [0.0, -0.413494223, 0.0], [0.0, 0.0, -0.220520527]]
291;837;145.0;62.11224;[1.0, 0.0, 0.0];[[-0.622586266, 0.622586266, 0.0], [0.0, -0.622586266, 0.622586266], [0.0, 0.0, -0.622586266]]
292;838;145.0;62.11224;[1.0, 0.0, 0.0];[[-0.6041076914, 0.6041076914, 0.0], [0.0, -0.6041076914, 0.6041076914], [0.0, 0.0, -0.6041076914]]
293;839;145.0;62.11224;[1.0, 0.0, 0.0];[[-0.4123723693, 0.4123723693, 0.0], [0.0, -0.4123723693, 0.0], [0.0, 0.0, -0.2212824414]]
294;840;145.0;62.11224;[1.0, 0.0, 0.0];[[-0.6049707246, 0.6049707246, 0.0], [0.0, -0.6049707246, 0.6049707246], [0.0, 0.0, -0.6049707246]]
295;841;145.0;62.11224;[1.0, 0.0, 0.0];[[-0.6159631241, 0.6159631241, 0.0], [0.0, -0.6159631241, 0.6159631241], [0.0, 0.0, -0.6159631241]]
296;842;145.0;62.11224;[1.0, 0.0, 0.0];[[-0.622798176, 0.622798176, 0.0], [0.0, -0.622798176, 0.622798176], [0.0, 0.0, -0.622798176]]
297;843;145.0;62.11224;[1.0, 0.0, 0.0];[[-0.6170971206, 0.6170971206, 0.0], [0.0, -0.6170971206, 0.6170971206], [0.0, 0.0, -0.6170971206]]
298;844;145.0;62.11224;[1.0, 0.0, 0.0];[[-0.6047358615, 0.6047358615, 0.0], [0.0, -0.6047358615, 0.6047358615], [0.0, 0.0, -0.6047358615]]
299;845;145.0;62.11224;[1.0, 0.0, 0.0];[[-0.6088902985, 0.6088902985, 0.0], [0.0, -0.6088902985, 0.6088902985], [0.0, 0.0, -0.6088902985]]
300;846;145.0;62.11224;[1.0, 0.0, 0.0];[[-0.6158917531, 0.6158917531, 0.0], [0.0, -0.6158917531, 0.6158917531], [0.0, 0.0, -0.6158917531]]
301;847;145.0;62.11224;[1.0, 0.0, 0.0];[[-0.6089774779, 0.6089774779, 0.0], [0.0, -0.6089774779, 0.6089774779], [0.0, 0.0, -0.6089774779]]
302;848;145.0;62.11224;[1.0, 0.0, 0.0];[[-0.6102297242, 0.6102297242, 0.0], [0.0, -0.6102297242, 0.6102297242], [0.0, 0.0, -0.6102297242]]
303;849;145.0;62.11224;[1.0, 0.0, 0.0];[[-0.6079401095, 0.6079401095, 0.0], [0.0, -0.6079401095, 0.6079401095], [0.0, 0.0, -0.6079401095]]
304;850;145.0;62.11224;[1.0, 0.0, 0.0];[[-0.612716125, 0.612716125, 0.0], [0.0, -0.612716125, 0.612716125], [0.0, 0.0, -0.612716125]]
305;851;145.0;62.11224;[1.0, 0.0, 0.0];[[-0.6083108271, 0.6083108271, 0.0], [0.0, -0.6083108271, 0.6083108271], [0.0, 0.0, -0.6083108271]]
306;852;145.0;62.11224;[1.0, 0.0, 0.0];[[-0.4074166267, 0.4074166267, 0.0], [0.0, -0.4074166267, 0.0], [0.0, 0.0, -0.2228739397]]
307;853;145.0;62.11224;[1.0, 0.0, 0.0];[[-0.6159354903, 0.6159354903, 0.0], [0.0, -0.6159354903, 0.6159354903], [0.0, 0.0, -0.6159354903]]
308;854;145.0;62.11224;[1.0, 0.0, 0.0];[[-0.6170746446, 0.6170746446, 0.0], [0.0, -0.6170746446, 0.6170746446], [0.0, 0.0, -0.6170746446]]
309;855;145.0;62.11224;[1.0, 0.0, 0.0];[[-0.404049528, 0.404049528, 0.0], [0.0, -0.404049528, 0.0], [0.0, 0.0, -0.2220611648]]
310;856;145.0;62.11224;[1.0, 0.0, 0.0];[[-0.6147851302, 0.6147851302, 0.0], [0.0, -0.6147851302, 0.6147851302], [0.0, 0.0, -0.6147851302]]
311;857;145.0;62.11224;[1.0, 0.0, 0.0];[[-0.6159554744, 0.6159554744, 0.0], [0.0, -0.6159554744, 0.6159554744], [0.0, 0.0, -0.6159554744]]
312;858;145.0;62.11224;[1.0, 0.0, 0.0];[[-0.6063958796, 0.6063958796, 0.0], [0.0, -0.6063958796, 0.6063958796], [0.0, 0.0, -0.6063958796]]
313;859;145.0;62.11224;[1.0, 0.0, 0.0];[[-0.4116407431, 0.4116407431, 0.0], [0.0, -0.4116407431, 0.0], [0.0, 0.0, -0.2138508524]]
314;860;145.0;62.11224;[1.0, 0.0, 0.0];[[-0.6208217845, 0.6208217845, 0.0], [0.0, -0.6208217845, 0.6208217845], [0.0, 0.0, -0.6208217845]]
315;861;145.0;62.11224;[1.0, 0.0, 0.0];[[-0.6067863585, 0.6067863585, 0.0], [0.0, -0.6067863585, 0.6067863585], [0.0, 0.0, -0.6067863585]]
316;862;145.0;62.11224;[1.0, 0.0, 0.0];[[-0.4078184334, 0.4078184334, 0.0], [0.0, -0.4078184334, 0.0], [0.0, 0.0, -0.2191102532]]
317;863;145.0;62.11224;[1.0, 0.0, 0.0];[[-0.4062131103, 0.4062131103, 0.0], [0.0, -0.4062131103, 0.0], [0.0, 0.0, -0.2158651139]]
318;864;145.0;62.11224;[1.0, 0.0, 0.0];[[-0.6219762134, 0.6219762134, 0.0], [0.0, -0.6219762134, 0.6219762134], [0.0, 0.0, -0.6219762134]]
319;865;145.0;62.11224;[1.0, 0.0, 0.0];[[-0.4086757007, 0.4086757007, 0.0], [0.0, -0.4086757007, 0.0], [0.0, 0.0, -0.2228084881]]
320;866;145.0;62.11224;[1.0, 0.0, 0.0];[[-0.5974623416, 0.5974623416, 0.0], [0.0, -0.5974623416, 0.5974623416], [0.0, 0.0, -0.5974623416]]
321;867;145.0;62.11224;[1.0, 0.0, 0.0];[[-0.6201904199, 0.6201904199, 0.0], [0.0, -0.6201904199, 0.6201904199], [0.0, 0.0, -0.6201904199]]
322;868;145.0;62.11224;[1.0, 0.0, 0.0];[[-0.6056993891, 0.6056993891, 0.0], [0.0, -0.6056993891, 0.6056993891], [0.0, 0.0, -0.6056993891]]
323;869;145.0;62.11224;[1.0, 0.0, 0.0];[[-0.6031699852, 0.6031699852, 0.0], [0.0, -0.6031699852, 0.6031699852], [0.0, 0.0, -0.6031699852]]
324;870;145.0;62.11224;[0.998998999, 0.0, 0.0];[[-0.4123078525, 0.4123078525, 0.0], [0.0, -0.4123078525, 0.0], [0.0, 0.0, -0.2200102456]]
325;871;145.0;62.11224;[1.0, 0.0, 0.0];[[-0.4105540907, 0.4105540907, 0.0], [0.0, -0.4105540907, 0.0], [0.0, 0.0, -0.2143739187]]
326;872;145.0;62.11224;[1.0, 0.0, 0.0];[[-0.4113581136, 0.4113581136, 0.0], [0.0, -0.4113581136, 0.0], [0.0, 0.0, -0.2202494651]]
327;873;145.0;62.11224;[1.0, 0.0, 0.0];[[-0.4047865604, 0.4047865604, 0.0], [0.0, -0.4047865604, 0.0], [0.0, 0.0, -0.2210164885]]
328;874;145.0;62.11224;[1.0, 0.0, 0.0];[[-0.4097439618, 0.4097439618, 0.0], [0.0, -0.4097439618, 0.0], [0.0, 0.0, -0.2168843932]]
329;875;145.0;62.11224;[1.0, 0.0, 0.0];[[-0.6193311453, 0.6193311453, 0.0], [0.0, -0.6193311453, 0.6193311453], [0.0, 0.0, -0.6193311453]]
330;876;145.0;62.11224;[1.0, 0.0, 0.0];[[-0.4135993791, 0.4135993791, 0.0], [0.0, -0.4135993791, 0.0], [0.0, 0.0, -0.2219354401]]
331;877;145.0;62.11224;[1.0, 0.0, 0.0];[[-0.6074395137, 0.6074395137, 0.0], [0.0, -0.6074395137, 0.6074395137], [0.0, 0.0, -0.6074395137]]
332;878;145.0;62.11224;[1.0, 0.0, 0.0];[[-0.6111793681, 0.6111793681, 0.0], [0.0, -0.6111793681, 0.6111793681], [0.0, 0.0, -0.6111793681]]
333;879;145.0;62.11224;[1.0, 0.0, 0.0];[[-0.6132488688, 0.6132488688, 0.0], [0.0, -0.6132488688, 0.6132488688], [0.0, 0.0, -0.6132488688]]
334;880;145.0;62.11224;[1.0, 0.0, 0.0];[[-0.6174804757, 0.6174804757, 0.0], [0.0, -0.6174804757, 0.6174804757], [0.0, 0.0, -0.6174804757]]
335;881;145.0;62.11224;[1.0, 0.0, 0.0];[[-0.6093235508, 0.6093235508, 0.0], [0.0, -0.6093235508, 0.6093235508], [0.0, 0.0, -0.6093235508]]
336;882;145.0;62.11224;[1.0, 0.0, 0.0];[[-0.6121885048, 0.6121885048, 0.0], [0.0, -0.6121885048, 0.6121885048], [0.0, 0.0, -0.6121885048]]
337;883;145.0;62.11224;[1.0, 0.0, 0.0];[[-0.6043103403, 0.6043103403, 0.0], [0.0, -0.6043103403, 0.6043103403], [0.0, 0.0, -0.6043103403]]
338;884;145.0;62.11224;[1.0, 0.0, 0.0];[[-0.6073388958, 0.6073388958, 0.0], [0.0, -0.6073388958, 0.6073388958], [0.0, 0.0, -0.6073388958]]
339;885;145.0;62.11224;[1.0, 0.0, 0.0];[[-0.4109228837, 0.4109228837, 0.0], [0.0, -0.4109228837, 0.0], [0.0, 0.0, -0.2190692796]]
340;886;145.0;62.11224;[1.0, 0.0, 0.0];[[-0.6110374763, 0.6110374763, 0.0], [0.0, -0.6110374763, 0.6110374763], [0.0, 0.0, -0.6110374763]]
341;887;145.0;62.11224;[1.0, 0.0, 0.0];[[-0.621686207, 0.621686207, 0.0], [0.0, -0.621686207, 0.621686207], [0.0, 0.0, -0.621686207]]
342;888;145.0;62.11224;[1.0, 0.0, 0.0];[[-0.4026568715, 0.4026568715, 0.0], [0.0, -0.4026568715, 0.0], [0.0, 0.0, -0.2164177261]]
343;889;145.0;62.11224;[1.0, 0.0, 0.0];[[-0.6045430083, 0.6045430083, 0.0], [0.0, -0.6045430083, 0.6045430083], [0.0, 0.0, -0.6045430083]]
344;890;145.0;62.11224;[1.0, 0.0, 0.0];[[-0.6040867219, 0.6040867219, 0.0], [0.0, -0.6040867219, 0.6040867219], [0.0, 0.0, -0.6040867219]]
345;891;145.0;62.11224;[1.0, 0.0, 0.0];[[-0.6115679523, 0.6115679523, 0.0], [0.0, -0.6115679523, 0.6115679523], [0.0, 0.0, -0.6115679523]]
346;892;145.0;62.11224;[1.0, 0.0, 0.0];[[-0.6206541637, 0.6206541637, 0.0], [0.0, -0.6206541637, 0.6206541637], [0.0, 0.0, -0.6206541637]]
347;893;145.0;62.11224;[1.0, 0.0, 0.0];[[-0.6194767268, 0.6194767268, 0.0], [0.0, -0.6194767268, 0.6194767268], [0.0, 0.0, -0.6194767268]]
348;894;145.0;62.11224;[1.0, 0.0, 0.0];[[-0.6181823705, 0.6181823705, 0.0], [0.0, -0.6181823705, 0.6181823705], [0.0, 0.0, -0.6181823705]]
349;895;145.0;62.11224;[1.0, 0.0, 0.0];[[-0.6159461896, 0.6159461896, 0.0], [0.0, -0.6159461896, 0.6159461896], [0.0, 0.0, -0.6159461896]]
350;896;145.0;62.11224;[1.0, 0.0, 0.0];[[-0.4153962192, 0.4153962192, 0.0], [0.0, -0.4153962192, 0.0], [0.0, 0.0, -0.2223262679]]
351;897;145.0;62.11224;[1.0, 0.0, 0.0];[[-0.417153224, 0.417153224, 0.0], [0.0, -0.417153224, 0.0], [0.0, 0.0, -0.2203394305]]
352;898;145.0;62.11224;[1.0, 0.0, 0.0];[[-0.4088257081, 0.4088257081, 0.0], [0.0, -0.4088257081, 0.0], [0.0, 0.0, -0.2214740891]]
353;899;145.0;62.11224;[1.0, 0.0, 0.0];[[-0.6251614878, 0.6251614878, 0.0], [0.0, -0.6251614878, 0.6251614878], [0.0, 0.0, -0.6251614878]]
354;900;145.0;62.11224;[1.0, 0.0, 0.0];[[-0.6105124052, 0.6105124052, 0.0], [0.0, -0.6105124052, 0.6105124052], [0.0, 0.0, -0.6105124052]]
355;901;145.0;62.11224;[1.0, 0.0, 0.0];[[-0.6201834297, 0.6201834297, 0.0], [0.0, -0.6201834297, 0.6201834297], [0.0, 0.0, -0.6201834297]]
356;902;145.0;62.11224;[1.0, 0.0, 0.0];[[-0.4118639917, 0.4118639917, 0.0], [0.0, -0.4118639917, 0.0], [0.0, 0.0, -0.2168821614]]
357;903;145.0;62.11224;[1.0, 0.0, 0.0];[[-0.411246027, 0.411246027, 0.0], [0.0, -0.411246027, 0.0], [0.0, 0.0, -0.2199421953]]
358;904;145.0;62.11224;[1.0, 0.0, 0.0];[[-0.5999551904, 0.5999551904, 0.0], [0.0, -0.5999551904, 0.5999551904], [0.0, 0.0, -0.5999551904]]
359;905;145.0;62.11224;[1.0, 0.0, 0.0];[[-0.6164059516, 0.6164059516, 0.0], [0.0, -0.6164059516, 0.6164059516], [0.0, 0.0, -0.6164059516]]
360;906;145.0;62.11224;[1.0, 0.0, 0.0];[[-0.6148833955, 0.6148833955, 0.0], [0.0, -0.6148833955, 0.6148833955], [0.0, 0.0, -0.6148833955]]
361;907;145.0;62.11224;[1.0, 0.0, 0.0];[[-0.6145645713, 0.6145645713, 0.0], [0.0, -0.6145645713, 0.6145645713], [0.0, 0.0, -0.6145645713]]
362;908;145.0;62.11224;[1.0, 0.0, 0.0];[[-0.6146455149, 0.6146455149, 0.0], [0.0, -0.6146455149, 0.6146455149], [0.0, 0.0, -0.6146455149]]
363;909;145.0;62.11224;[1.0, 0.0, 0.0];[[-0.6238369994, 0.6238369994, 0.0], [0.0, -0.6238369994, 0.6238369994], [0.0, 0.0, -0.6238369994]]
