1;547;145.0;62.11224;[1.0, 0.0, 0.0];[[-0.9316229225, 0.9316229225, 0.0], [0.0, -0.9316229225, 0.9316229225], [0.0, 0.0, -0.9316229225]]
2;548;145.0;62.11224;[1.0, 0.0, 0.0];[[-0.9191198041, 0.9191198041, 0.0], [0.0, -0.9191198041, 0.9191198041], [0.0, 0.0, -0.9191198041]]
3;549;145.0;62.11224;[1.0, 0.0, 0.0];[[-0.9177656148, 0.9177656148, 0.0], [0.0, -0.9177656148, 0.9177656148], [0.0, 0.0, -0.9177656148]]
4;550;145.0;62.11224;[1.0, 0.0, 0.0];[[-0.9288997687, 0.9288997687, 0.0], [0.0, -0.9288997687, 0.9288997687], [0.0, 0.0, -0.9288997687]]
5;551;145.0;62.11224;[1.0, 0.0, 0.0];[[-0.9613757145, 0.9613757145, 0.0], [0.0, -0.9613757145, 0.9613757145], [0.0, 0.0, -0.9613757145]]
6;552;145.0;62.11224;[1.0, 0.0, 0.0];[[-0.8969260048, 0.8969260048, 0.0], [0.0, -0.8969260048, 0.8969260048], [0.0, 0.0, -0.8969260048]]
7;553;145.0;62.11224;[1.0, 0.0, 0.0];[[-0.8981464393, 0.8981464393, 0.0], [0.0, -0.8981464393, 0.8981464393], [0.0, 0.0, -0.8981464393]]
8;554;145.0;62.11224;[1.0, 0.0, 0.0];[[-0.9284976138, 0.9284976138, 0.0], [0.0, -0.9284976138, 0.9284976138], [0.0, 0.0, -0.9284976138]]
9;555;145.0;62.11224;[1.0, 0.0, 0.0];[[-0.9055890655, 0.9055890655, 0.0], [0.0, -0.9055890655, 0.9055890655], [0.0, 0.0, -0.9055890655]]
10;556;145.0;62.11224;[1.0, 0.0, 0.0];[[-0.9224340409, 0.9224340409, 0.0], [0.0, -0.9224340409, 0.9224340409], [0.0, 0.0, -0.9224340409]]
11;557;145.0;62.11224;[1.0, 0.0, 0.0];[[-0.8872450009, 0.8872450009, 0.0], [0.0, -0.8872450009, 0.8872450009], [0.0, 0.0, -0.8872450009]]
12;558;145.0;62.11224;[1.0, 0.0, 0.0];[[-0.9271206372, 0.9271206372, 0.0], [0.0, -0.9271206372, 0.9271206372], [0.0, 0.0, -0.9271206372]]
13;559;145.0;62.11224;[1.0, 0.0, 0.0];[[-0.9008334784, 0.9008334784, 0.0], [0.0, -0.9008334784, 0.9008334784], [0.0, 0.0, -0.9008334784]]
14;560;145.0;62.11224;[1.0, 0.0, 0.0];[[-0.9157652178, 0.9157652178, 0.0], [0.0, -0.9157652178, 0.9157652178], [0.0, 0.0, -0.9157652178]]
15;561;145.0;62.11224;[1.0, 0.0, 0.0];[[-0.9068497472, 0.9068497472, 0.0], [0.0, -0.9068497472, 0.9068497472], [0.0, 0.0, -0.9068497472]]
16;562;145.0;62.11224;[1.0, 0.0, 0.0];[[-0.896503969, 0.896503969, 0.0], [0.0, -0.896503969, 0.896503969], [0.0, 0.0, -0.896503969]]
17;563;145.0;62.11224;[1.0, 0.0, 0.0];[[-0.8949727699, 0.8949727699, 0.0], [0.0, -0.8949727699, 0.8949727699], [0.0, 0.0, -0.8949727699]]
18;564;145.0;62.11224;[1.0, 0.0, 0.0];[[-0.8797921245, 0.8797921245, 0.0], [0.0, -0.8797921245, 0.8797921245], [0.0, 0.0, -0.8797921245]]
19;565;145.0;62.11224;[1.0, 0.0, 0.0];[[-0.9145673264, 0.9145673264, 0.0], [0.0, -0.9145673264, 0.9145673264], [0.0, 0.0, -0.9145673264]]
20;566;145.0;62.11224;[1.0, 0.0, 0.0];[[-0.9388506314, 0.9388506314, 0.0], [0.0, -0.9388506314, 0.9388506314], [0.0, 0.0, -0.9388506314]]
21;567;145.0;62.11224;[1.0, 0.0, 0.0];[[-0.8963176465, 0.8963176465, 0.0], [0.0, -0.8963176465, 0.8963176465], [0.0, 0.0, -0.8963176465]]
22;568;145.0;62.11224;[1.0, 0.0, 0.0];[[-0.9248905938, 0.9248905938, 0.0], [0.0, -0.9248905938, 0.9248905938], [0.0, 0.0, -0.9248905938]]
23;569;145.0;62.11224;[1.0, 0.0, 0.0];[[-0.917031948, 0.917031948, 0.0], [0.0, -0.917031948, 0.917031948], [0.0, 0.0, -0.917031948]]
24;570;145.0;62.11224;[1.0, 0.0, 0.0];[[-0.9305838438, 0.9305838438, 0.0], [0.0, -0.9305838438, 0.9305838438], [0.0, 0.0, -0.9305838438]]
25;571;145.0;62.11224;[1.0, 0.0, 0.0];[[-0.9331444961, 0.9331444961, 0.0], [0.0, -0.9331444961, 0.9331444961], [0.0, 0.0, -0.9331444961]]
26;572;145.0;62.11224;[1.0, 0.0, 0.0];[[-0.902036165, 0.902036165, 0.0], [0.0, -0.902036165, 0.902036165], [0.0, 0.0, -0.902036165]]
27;573;145.0;62.11224;[1.0, 0.0, 0.0];[[-0.899700611, 0.899700611, 0.0], [0.0, -0.899700611, 0.899700611], [0.0, 0.0, -0.899700611]]
28;574;145.0;62.11224;[1.0, 0.0, 0.0];[[-0.9026714175, 0.9026714175, 0.0], [0.0, -0.9026714175, 0.9026714175], [0.0, 0.0, -0.9026714175]]
29;575;145.0;62.11224;[1.0, 0.0, 0.0];[[-0.9582424902, 0.9582424902, 0.0], [0.0, -0.9582424902, 0.9582424902], [0.0, 0.0, -0.9582424902]]
30;576;145.0;62.11224;[1.0, 0.0, 0.0];[[-0.9079004269, 0.9079004269, 0.0], [0.0, -0.9079004269, 0.9079004269], [0.0, 0.0, -0.9079004269]]
31;577;145.0;62.11224;[1.0, 0.0, 0.0];[[-0.9639941257, 0.9639941257, 0.0], [0.0, -0.9639941257, 0.9639941257], [0.0, 0.0, -0.9639941257]]
32;578;145.0;62.11224;[1.0, 0.0, 0.0];[[-0.9185751497, 0.9185751497, 0.0], [0.0, -0.9185751497, 0.9185751497], [0.0, 0.0, -0.9185751497]]
33;579;145.0;62.11224;[1.0, 0.0, 0.0];[[-0.8880695467, 0.8880695467, 0.0], [0.0, -0.8880695467, 0.8880695467], [0.0, 0.0, -0.8880695467]]
34;580;145.0;62.11224;[1.0, 0.0, 0.0];[[-0.9056161882, 0.9056161882, 0.0], [0.0, -0.9056161882, 0.9056161882], [0.0, 0.0, -0.9056161882]]
35;581;145.0;62.11224;[1.0, 0.0, 0.0];[[-0.9125454236, 0.9125454236, 0.0], [0.0, -0.9125454236, 0.9125454236], [0.0, 0.0, -0.9125454236]]
36;582;145.0;62.11224;[1.0, 0.0, 0.0];[[-0.9187212615, 0.9187212615, 0.0], [0.0, -0.9187212615, 0.9187212615], [0.0, 0.0, -0.9187212615]]
37;583;145.0;62.11224;[1.0, 0.0, 0.0];[[-0.9326464208, 0.9326464208, 0.0], [0.0, -0.9326464208, 0.9326464208], [0.0, 0.0, -0.9326464208]]
38;584;145.0;62.11224;[1.0, 0.0, 0.0];[[-0.9080923198, 0.9080923198, 0.0], [0.0, -0.9080923198, 0.9080923198], [0.0, 0.0, -0.9080923198]]
39;585;145.0;62.11224;[1.0, 0.0, 0.0];[[-0.937612459, 0.937612459, 0.0], [0.0, -0.937612459, 0.937612459], [0.0, 0.0, -0.937612459]]
40;586;145.0;62.11224;[1.0, 0.0, 0.0];[[-0.9048499069, 0.9048499069, 0.0], [0.0, -0.9048499069, 0.9048499069], [0.0, 0.0, -0.9048499069]]
41;587;145.0;62.11224;[1.0, 0.0, 0.0];[[-0.9455216362, 0.9455216362, 0.0], [0.0, -0.9455216362, 0.9455216362], [0.0, 0.0, -0.9455216362]]
42;588;145.0;62.11224;[1.0, 0.0, 0.0];[[-0.9017399236, 0.9017399236, 0.0], [0.0, -0.9017399236, 0.9017399236], [0.0, 0.0, -0.9017399236]]
43;589;145.0;62.11224;[1.0, 0.0, 0.0];[[-0.9123602003, 0.9123602003, 0.0], [0.0, -0.9123602003, 0.9123602003], [0.0, 0.0, -0.9123602003]]
44;590;145.0;62.11224;[1.0, 0.0, 0.0];[[-0.8983152713, 0.8983152713, 0.0], [0.0, -0.8983152713, 0.8983152713], [0.0, 0.0, -0.8983152713]]
45;591;145.0;62.11224;[1.0, 0.0, 0.0];[[-0.903473676, 0.903473676, 0.0], [0.0, -0.903473676, 0.903473676], [0.0, 0.0, -0.903473676]]
46;592;145.0;62.11224;[1.0, 0.0, 0.0];[[-0.8984942183, 0.8984942183, 0.0], [0.0, -0.8984942183, 0.8984942183], [0.0, 0.0, -0.8984942183]]
47;593;145.0;62.11224;[1.0, 0.0, 0.0];[[-0.9346283012, 0.9346283012, 0.0], [0.0, -0.9346283012, 0.9346283012], [0.0, 0.0, -0.9346283012]]
48;594;145.0;62.11224;[1.0, 0.0, 0.0];[[-0.8851489411, 0.8851489411, 0.0], [0.0, -0.8851489411, 0.8851489411], [0.0, 0.0, -0.8851489411]]
49;595;145.0;62.11224;[1.0, 0.0, 0.0];[[-0.891442377, 0.891442377, 0.0], [0.0, -0.891442377, 0.891442377], [0.0, 0.0, -0.891442377]]
50;596;145.0;62.11224;[1.0, 0.0, 0.0];[[-0.9168018137, 0.9168018137, 0.0], [0.0, -0.9168018137, 0.9168018137], [0.0, 0.0, -0.9168018137]]
51;597;145.0;62.11224;[1.0, 0.0, 0.0];[[-0.9032941803, 0.9032941803, 0.0], [0.0, -0.9032941803, 0.9032941803], [0.0, 0.0, -0.9032941803]]
52;598;145.0;62.11224;[1.0, 0.0, 0.0];[[-0.9523830441, 0.9523830441, 0.0], [0.0, -0.9523830441, 0.9523830441], [0.0, 0.0, -0.9523830441]]
53;599;145.0;62.11224;[1.0, 0.0, 0.0];[[-0.917196097, 0.917196097, 0.0], [0.0, -0.917196097, 0.917196097], [0.0, 0.0, -0.917196097]]
54;600;145.0;62.11224;[1.0, 0.0, 0.0];[[-0.9108618827, 0.9108618827, 0.0], [0.0, -0.9108618827, 0.9108618827], [0.0, 0.0, -0.9108618827]]
55;601;145.0;62.11224;[1.0, 0.0, 0.0];[[-0.9550108598, 0.9550108598, 0.0], [0.0, -0.9550108598, 0.9550108598], [0.0, 0.0, -0.9550108598]]
56;602;145.0;62.11224;[1.0, 0.0, 0.0];[[-0.942569981, 0.942569981, 0.0], [0.0, -0.942569981, 0.942569981], [0.0, 0.0, -0.942569981]]
57;603;145.0;62.11224;[1.0, 0.0, 0.0];[[-0.8991959728, 0.8991959728, 0.0], [0.0, -0.8991959728, 0.8991959728], [0.0, 0.0, -0.8991959728]]
58;604;145.0;62.11224;[1.0, 0.0, 0.0];[[-0.9353205573, 0.9353205573, 0.0], [0.0, -0.9353205573, 0.9353205573], [0.0, 0.0, -0.9353205573]]
59;605;145.0;62.11224;[1.0, 0.0, 0.0];[[-0.9071794512, 0.9071794512, 0.0], [0.0, -0.9071794512, 0.9071794512], [0.0, 0.0, -0.9071794512]]
60;606;145.0;62.11224;[1.0, 0.0, 0.0];[[-0.9003825498, 0.9003825498, 0.0], [0.0, -0.9003825498, 0.9003825498], [0.0, 0.0, -0.9003825498]]
61;607;145.0;62.11224;[1.0, 0.0, 0.0];[[-0.9282851003, 0.9282851003, 0.0], [0.0, -0.9282851003, 0.9282851003], [0.0, 0.0, -0.9282851003]]
62;608;145.0;62.11224;[1.0, 0.0, 0.0];[[-0.9275083586, 0.9275083586, 0.0], [0.0, -0.9275083586, 0.9275083586], [0.0, 0.0, -0.9275083586]]
63;609;145.0;62.11224;[1.0, 0.0, 0.0];[[-0.6082490498, 0.6082490498, 0.0], [0.0, -0.6082490498, 0.0], [0.0, 0.0, -0.3097306343]]
64;610;145.0;62.11224;[1.0, 0.0, 0.0];[[-0.9231781257, 0.9231781257, 0.0], [0.0, -0.9231781257, 0.9231781257], [0.0, 0.0, -0.9231781257]]
65;611;145.0;62.11224;[1.0, 0.0, 0.0];[[-0.8793987049, 0.8793987049, 0.0], [0.0, -0.8793987049, 0.8793987049], [0.0, 0.0, -0.8793987049]]
66;612;145.0;62.11224;[1.0, 0.0, 0.0];[[-0.9192781245, 0.9192781245, 0.0], [0.0, -0.9192781245, 0.9192781245], [0.0, 0.0, -0.9192781245]]
67;613;145.0;62.11224;[1.0, 0.0, 0.0];[[-0.9386729686, 0.9386729686, 0.0], [0.0, -0.9386729686, 0.9386729686], [0.0, 0.0, -0.9386729686]]
68;614;145.0;62.11224;[1.0, 0.0, 0.0];[[-0.9179119463, 0.9179119463, 0.0], [0.0, -0.9179119463, 0.9179119463], [0.0, 0.0, -0.9179119463]]
69;615;145.0;62.11224;[1.0, 0.0, 0.0];[[-0.9132551979, 0.9132551979, 0.0], [0.0, -0.9132551979, 0.9132551979], [0.0, 0.0, -0.9132551979]]
70;616;145.0;62.11224;[1.0, 0.0, 0.0];[[-0.930991506, 0.930991506, 0.0], [0.0, -0.930991506, 0.930991506], [0.0, 0.0, -0.930991506]]
71;617;145.0;62.11224;[1.0, 0.0, 0.0];[[-0.9673530796, 0.9673530796, 0.0], [0.0, -0.9673530796, 0.9673530796], [0.0, 0.0, -0.9673530796]]
72;618;145.0;62.11224;[1.0, 0.0, 0.0];[[-0.6060094721, 0.6060094721, 0.0], [0.0, -0.6060094721, 0.0], [0.0, 0.0, -0.3134845022]]
73;619;145.0;62.11224;[1.0, 0.0, 0.0];[[-0.9133896545, 0.9133896545, 0.0], [0.0, -0.9133896545, 0.9133896545], [0.0, 0.0, -0.9133896545]]
74;620;145.0;62.11224;[1.0, 0.0, 0.0];[[-0.9321061939, 0.9321061939, 0.0], [0.0, -0.9321061939, 0.9321061939], [0.0, 0.0, -0.9321061939]]
75;621;145.0;62.11224;[1.0, 0.0, 0.0];[[-0.9199612997, 0.9199612997, 0.0], [0.0, -0.9199612997, 0.9199612997], [0.0, 0.0, -0.9199612997]]
76;622;145.0;62.11224;[1.0, 0.0, 0.0];[[-0.9217537651, 0.9217537651, 0.0], [0.0, -0.9217537651, 0.9217537651], [0.0, 0.0, -0.9217537651]]
77;623;145.0;62.11224;[1.0, 0.0, 0.0];[[-0.9313135679, 0.9313135679, 0.0], [0.0, -0.9313135679, 0.9313135679], [0.0, 0.0, -0.9313135679]]
78;624;145.0;62.11224;[1.0, 0.0, 0.0];[[-0.9583477329, 0.9583477329, 0.0], [0.0, -0.9583477329, 0.9583477329], [0.0, 0.0, -0.9583477329]]
79;625;145.0;62.11224;[1.0, 0.0, 0.0];[[-0.960499661, 0.960499661, 0.0], [0.0, -0.960499661, 0.960499661], [0.0, 0.0, -0.960499661]]
80;626;145.0;62.11224;[1.0, 0.0, 0.0];[[-0.9267508332, 0.9267508332, 0.0], [0.0, -0.9267508332, 0.9267508332], [0.0, 0.0, -0.9267508332]]
81;627;145.0;62.11224;[1.0, 0.0, 0.0];[[-0.9137684968, 0.9137684968, 0.0], [0.0, -0.9137684968, 0.9137684968], [0.0, 0.0, -0.9137684968]]
82;628;145.0;62.11224;[1.0, 0.0, 0.0];[[-0.6013118281, 0.6013118281, 0.0], [0.0, -0.6013118281, 0.0], [0.0, 0.0, -0.3037033342]]
83;629;145.0;62.11224;[1.0, 0.0, 0.0];[[-0.8963191789, 0.8963191789, 0.0], [0.0, -0.8963191789, 0.8963191789], [0.0, 0.0, -0.8963191789]]
84;630;145.0;62.11224;[1.0, 0.0, 0.0];[[-0.8914736032, 0.8914736032, 0.0], [0.0, -0.8914736032, 0.8914736032], [0.0, 0.0, -0.8914736032]]
85;631;145.0;62.11224;[1.0, 0.0, 0.0];[[-0.8876024584, 0.8876024584, 0.0], [0.0, -0.8876024584, 0.8876024584], [0.0, 0.0, -0.8876024584]]
86;632;145.0;62.11224;[1.0, 0.0, 0.0];[[-0.8967184735, 0.8967184735, 0.0], [0.0, -0.8967184735, 0.8967184735], [0.0, 0.0, -0.8967184735]]
87;633;145.0;62.11224;[1.0, 0.0, 0.0];[[-0.9247445821, 0.9247445821, 0.0], [0.0, -0.9247445821, 0.9247445821], [0.0, 0.0, -0.9247445821]]
88;634;145.0;62.11224;[1.0, 0.0, 0.0];[[-0.9046012375, 0.9046012375, 0.0], [0.0, -0.9046012375, 0.9046012375], [0.0, 0.0, -0.9046012375]]
89;635;145.0;62.11224;[1.0, 0.0, 0.0];[[-0.9337096143, 0.9337096143, 0.0], [0.0, -0.9337096143, 0.9337096143], [0.0, 0.0, -0.9337096143]]
90;636;145.0;62.11224;[1.0, 0.0, 0.0];[[-0.9310932911, 0.9310932911, 0.0], [0.0, -0.9310932911, 0.9310932911], [0.0, 0.0, -0.9310932911]]
91;637;145.0;62.11224;[1.0, 0.0, 0.0];[[-0.8729173649, 0.8729173649, 0.0], [0.0, -0.8729173649, 0.8729173649], [0.0, 0.0, -0.8729173649]]
92;638;145.0;62.11224;[1.0, 0.0, 0.0];[[-0.9048125308, 0.9048125308, 0.0], [0.0, -0.9048125308, 0.9048125308], [0.0, 0.0, -0.9048125308]]
93;639;145.0;62.11224;[1.0, 0.0, 0.0];[[-0.9196414611, 0.9196414611, 0.0], [0.0, -0.9196414611, 0.9196414611], [0.0, 0.0, -0.9196414611]]
94;640;145.0;62.11224;[1.0, 0.0, 0.0];[[-0.9110397417, 0.9110397417, 0.0], [0.0, -0.9110397417, 0.9110397417], [0.0, 0.0, -0.9110397417]]
95;641;145.0;62.11224;[1.0, 0.0, 0.0];[[-0.8828337477, 0.8828337477, 0.0], [0.0, -0.8828337477, 0.8828337477], [0.0, 0.0, -0.8828337477]]
96;642;145.0;62.11224;[1.0, 0.0, 0.0];[[-0.9228831044, 0.9228831044, 0.0], [0.0, -0.9228831044, 0.9228831044], [0.0, 0.0, -0.9228831044]]
97;643;145.0;62.11224;[1.0, 0.0, 0.0];[[-0.9268727531, 0.9268727531, 0.0], [0.0, -0.9268727531, 0.9268727531], [0.0, 0.0, -0.9268727531]]
98;644;145.0;62.11224;[1.0, 0.0, 0.0];[[-0.9401335907, 0.9401335907, 0.0], [0.0, -0.9401335907, 0.9401335907], [0.0, 0.0, -0.9401335907]]
99;645;145.0;62.11224;[1.0, 0.0, 0.0];[[-0.9072417985, 0.9072417985, 0.0], [0.0, -0.9072417985, 0.9072417985], [0.0, 0.0, -0.9072417985]]
100;646;145.0;62.11224;[1.0, 0.0, 0.0];[[-0.9086566409, 0.9086566409, 0.0], [0.0, -0.9086566409, 0.9086566409], [0.0, 0.0, -0.9086566409]]
101;647;145.0;62.11224;[1.0, 0.0, 0.0];[[-0.9142387882, 0.9142387882, 0.0], [0.0, -0.9142387882, 0.9142387882], [0.0, 0.0, -0.9142387882]]
102;648;145.0;62.11224;[1.0, 0.0, 0.0];[[-0.9252023726, 0.9252023726, 0.0], [0.0, -0.9252023726, 0.9252023726], [0.0, 0.0, -0.9252023726]]
103;649;145.0;62.11224;[1.0, 0.0, 0.0];[[-0.9029489671, 0.9029489671, 0.0], [0.0, -0.9029489671, 0.9029489671], [0.0, 0.0, -0.9029489671]]
104;650;145.0;62.11224;[1.0, 0.0, 0.0];[[-0.8933173762, 0.8933173762, 0.0], [0.0, -0.8933173762, 0.8933173762], [0.0, 0.0, -0.8933173762]]
105;651;145.0;62.11224;[1.0, 0.0, 0.0];[[-0.9479444121, 0.9479444121, 0.0], [0.0, -0.9479444121, 0.9479444121], [0.0, 0.0, -0.9479444121]]
106;652;145.0;62.11224;[1.0, 0.0, 0.0];[[-0.9320809787, 0.9320809787, 0.0], [0.0, -0.9320809787, 0.9320809787], [0.0, 0.0, -0.9320809787]]
107;653;145.0;62.11224;[1.0, 0.0, 0.0];[[-0.9241730763, 0.9241730763, 0.0], [0.0, -0.9241730763, 0.9241730763], [0.0, 0.0, -0.9241730763]]
108;654;145.0;62.11224;[1.0, 0.0, 0.0];[[-0.9103892474, 0.9103892474, 0.0], [0.0, -0.9103892474, 0.9103892474], [0.0, 0.0, -0.9103892474]]
109;655;145.0;62.11224;[1.0, 0.0, 0.0];[[-0.9759844936, 0.9759844936, 0.0], [0.0, -0.9759844936, 0.9759844936], [0.0, 0.0, -0.9759844936]]
110;656;145.0;62.11224;[1.0, 0.0, 0.0];[[-0.9381639547, 0.9381639547, 0.0], [0.0, -0.9381639547, 0.9381639547], [0.0, 0.0, -0.9381639547]]
111;657;145.0;62.11224;[1.0, 0.0, 0.0];[[-0.8912982779, 0.8912982779, 0.0], [0.0, -0.8912982779, 0.8912982779], [0.0, 0.0, -0.8912982779]]
112;658;145.0;62.11224;[1.0, 0.0, 0.0];[[-0.90529774, 0.90529774, 0.0], [0.0, -0.90529774, 0.90529774], [0.0, 0.0, -0.90529774]]
113;659;145.0;62.11224;[1.0, 0.0, 0.0];[[-0.9539681533, 0.9539681533, 0.0], [0.0, -0.9539681533, 0.9539681533], [0.0, 0.0, -0.9539681533]]
114;660;145.0;62.11224;[1.0, 0.0, 0.0];[[-0.8966783127, 0.8966783127, 0.0], [0.0, -0.8966783127, 0.8966783127], [0.0, 0.0, -0.8966783127]]
115;661;145.0;62.11224;[0.9949748744, 0.0, 0.0];[[-0.6018649751, 0.6018649751, 0.0], [0.0, -0.6018649751, 0.0], [0.0, 0.0, -0.3049441642]]
116;662;145.0;62.11224;[1.0, 0.0, 0.0];[[-0.9130878447, 0.9130878447, 0.0], [0.0, -0.9130878447, 0.9130878447], [0.0, 0.0, -0.9130878447]]
117;663;145.0;62.11224;[1.0, 0.0, 0.0];[[-0.908377007, 0.908377007, 0.0], [0.0, -0.908377007, 0.908377007], [0.0, 0.0, -0.908377007]]
118;664;145.0;62.11224;[1.0, 0.0, 0.0];[[-0.9027173336, 0.9027173336, 0.0], [0.0, -0.9027173336, 0.9027173336], [0.0, 0.0, -0.9027173336]]
119;665;145.0;62.11224;[1.0, 0.0, 0.0];[[-0.9264300462, 0.9264300462, 0.0], [0.0, -0.9264300462, 0.9264300462], [0.0, 0.0, -0.9264300462]]
120;666;145.0;62.11224;[1.0, 0.0, 0.0];[[-0.9336191161, 0.9336191161, 0.0], [0.0, -0.9336191161, 0.9336191161], [0.0, 0.0, -0.9336191161]]
121;667;145.0;62.11224;[1.0, 0.0, 0.0];[[-0.6182775035, 0.6182775035, 0.0], [0.0, -0.6182775035, 0.0], [0.0, 0.0, -0.3118556246]]
122;668;145.0;62.11224;[1.0, 0.0, 0.0];[[-0.9252819219, 0.9252819219, 0.0], [0.0, -0.9252819219, 0.9252819219], [0.0, 0.0, -0.9252819219]]
123;669;145.0;62.11224;[1.0, 0.0, 0.0];[[-0.9563708376, 0.9563708376, 0.0], [0.0, -0.9563708376, 0.9563708376], [0.0, 0.0, -0.9563708376]]
124;670;145.0;62.11224;[1.0, 0.0, 0.0];[[-0.925717747, 0.925717747, 0.0], [0.0, -0.925717747, 0.925717747], [0.0, 0.0, -0.925717747]]
125;671;145.0;62.11224;[1.0, 0.0, 0.0];[[-0.9656866645, 0.9656866645, 0.0], [0.0, -0.9656866645, 0.9656866645], [0.0, 0.0, -0.9656866645]]
126;672;145.0;62.11224;[1.0, 0.0, 0.0];[[-0.9407770937, 0.9407770937, 0.0], [0.0, -0.9407770937, 0.9407770937], [0.0, 0.0, -0.9407770937]]
127;673;145.0;62.11224;[1.0, 0.0, 0.0];[[-0.9020240831, 0.9020240831, 0.0], [0.0, -0.9020240831, 0.9020240831], [0.0, 0.0, -0.9020240831]]
128;674;145.0;62.11224;[1.0, 0.0, 0.0];[[-0.9172148438, 0.9172148438, 0.0], [0.0, -0.9172148438, 0.9172148438], [0.0, 0.0, -0.9172148438]]
129;675;145.0;62.11224;[1.0, 0.0, 0.0];[[-0.9328791753, 0.9328791753, 0.0], [0.0, -0.9328791753, 0.9328791753], [0.0, 0.0, -0.9328791753]]
130;676;145.0;62.11224;[1.0, 0.0, 0.0];[[-0.8981146667, 0.8981146667, 0.0], [0.0, -0.8981146667, 0.8981146667], [0.0, 0.0, -0.8981146667]]
131;677;145.0;62.11224;[1.0, 0.0, 0.0];[[-0.8892416736, 0.8892416736, 0.0], [0.0, -0.8892416736, 0.8892416736], [0.0, 0.0, -0.8892416736]]
132;678;145.0;62.11224;[1.0, 0.0, 0.0];[[-0.8983297198, 0.8983297198, 0.0], [0.0, -0.8983297198, 0.8983297198], [0.0, 0.0, -0.8983297198]]
133;679;145.0;62.11224;[1.0, 0.0, 0.0];[[-0.8785139615, 0.8785139615, 0.0], [0.0, -0.8785139615, 0.8785139615], [0.0, 0.0, -0.8785139615]]
134;680;145.0;62.11224;[1.0, 0.0, 0.0];[[-0.9347829647, 0.9347829647, 0.0], [0.0, -0.9347829647, 0.9347829647], [0.0, 0.0, -0.9347829647]]
135;681;145.0;62.11224;[1.0, 0.0, 0.0];[[-0.912368351, 0.912368351, 0.0], [0.0, -0.912368351, 0.912368351], [0.0, 0.0, -0.912368351]]
136;682;145.0;62.11224;[1.0, 0.0, 0.0];[[-0.5991884863, 0.5991884863, 0.0], [0.0, -0.5991884863, 0.0], [0.0, 0.0, -0.3043222503]]
137;683;145.0;62.11224;[1.0, 0.0, 0.0];[[-0.9661043304, 0.9661043304, 0.0], [0.0, -0.9661043304, 0.9661043304], [0.0, 0.0, -0.9661043304]]
138;684;145.0;62.11224;[1.0, 0.0, 0.0];[[-0.9373670691, 0.9373670691, 0.0], [0.0, -0.9373670691, 0.9373670691], [0.0, 0.0, -0.9373670691]]
139;685;145.0;62.11224;[1.0, 0.0, 0.0];[[-0.9315127807, 0.9315127807, 0.0], [0.0, -0.9315127807, 0.9315127807], [0.0, 0.0, -0.9315127807]]
140;686;145.0;62.11224;[1.0, 0.0, 0.0];[[-0.9200781509, 0.9200781509, 0.0], [0.0, -0.9200781509, 0.9200781509], [0.0, 0.0, -0.9200781509]]
141;687;145.0;62.11224;[1.0, 0.0, 0.0];[[-0.9114835294, 0.9114835294, 0.0], [0.0, -0.9114835294, 0.9114835294], [0.0, 0.0, -0.9114835294]]
142;688;145.0;62.11224;[1.0, 0.0, 0.0];[[-0.8940339146, 0.8940339146, 0.0], [0.0, -0.8940339146, 0.8940339146], [0.0, 0.0, -0.8940339146]]
143;689;145.0;62.11224;[1.0, 0.0, 0.0];[[-0.9146639065, 0.9146639065, 0.0], [0.0, -0.9146639065, 0.9146639065], [0.0, 0.0, -0.9146639065]]
144;690;145.0;62.11224;[1.0, 0.0, 0.0];[[-0.9261649214, 0.9261649214, 0.0], [0.0, -0.9261649214, 0.9261649214], [0.0, 0.0, -0.9261649214]]
145;691;145.0;62.11224;[1.0, 0.0, 0.0];[[-0.9440969733, 0.9440969733, 0.0], [0.0, -0.9440969733, 0.9440969733], [0.0, 0.0, -0.9440969733]]
146;692;145.0;62.11224;[1.0, 0.0, 0.0];[[-0.9647518224, 0.9647518224, 0.0], [0.0, -0.9647518224, 0.9647518224], [0.0, 0.0, -0.9647518224]]
147;693;145.0;62.11224;[1.0, 0.0, 0.0];[[-0.9140773419, 0.9140773419, 0.0], [0.0, -0.9140773419, 0.9140773419], [0.0, 0.0, -0.9140773419]]
148;694;145.0;62.11224;[1.0, 0.0, 0.0];[[-0.9063573564, 0.9063573564, 0.0], [0.0, -0.9063573564, 0.9063573564], [0.0, 0.0, -0.9063573564]]
149;695;145.0;62.11224;[1.0, 0.0, 0.0];[[-0.8831251231, 0.8831251231, 0.0], [0.0, -0.8831251231, 0.8831251231], [0.0, 0.0, -0.8831251231]]
150;696;145.0;62.11224;[1.0, 0.0, 0.0];[[-0.9420046619, 0.9420046619, 0.0], [0.0, -0.9420046619, 0.9420046619], [0.0, 0.0, -0.9420046619]]
151;697;145.0;62.11224;[1.0, 0.0, 0.0];[[-0.9010760442, 0.9010760442, 0.0], [0.0, -0.9010760442, 0.9010760442], [0.0, 0.0, -0.9010760442]]
152;698;145.0;62.11224;[1.0, 0.0, 0.0];[[-0.9026352817, 0.9026352817, 0.0], [0.0, -0.9026352817, 0.9026352817], [0.0, 0.0, -0.9026352817]]
153;699;145.0;62.11224;[1.0, 0.0, 0.0];[[-0.9025860044, 0.9025860044, 0.0], [0.0, -0.9025860044, 0.9025860044], [0.0, 0.0, -0.9025860044]]
154;700;145.0;62.11224;[1.0, 0.0, 0.0];[[-0.9000813818, 0.9000813818, 0.0], [0.0, -0.9000813818, 0.9000813818], [0.0, 0.0, -0.9000813818]]
155;701;145.0;62.11224;[1.0, 0.0, 0.0];[[-0.9449655023, 0.9449655023, 0.0], [0.0, -0.9449655023, 0.9449655023], [0.0, 0.0, -0.9449655023]]
156;702;145.0;62.11224;[1.0, 0.0, 0.0];[[-0.6033059504, 0.6033059504, 0.0], [0.0, -0.6033059504, 0.0], [0.0, 0.0, -0.3036110808]]
157;703;145.0;62.11224;[1.0, 0.0, 0.0];[[-0.9420028746, 0.9420028746, 0.0], [0.0, -0.9420028746, 0.9420028746], [0.0, 0.0, -0.9420028746]]
158;704;145.0;62.11224;[1.0, 0.0, 0.0];[[-0.8945162008, 0.8945162008, 0.0], [0.0, -0.8945162008, 0.8945162008], [0.0, 0.0, -0.8945162008]]
159;705;145.0;62.11224;[1.0, 0.0, 0.0];[[-0.8978621378, 0.8978621378, 0.0], [0.0, -0.8978621378, 0.8978621378], [0.0, 0.0, -0.8978621378]]
160;706;145.0;62.11224;[1.0, 0.0, 0.0];[[-0.9334591928, 0.9334591928, 0.0], [0.0, -0.9334591928, 0.9334591928], [0.0, 0.0, -0.9334591928]]
161;707;145.0;62.11224;[1.0, 0.0, 0.0];[[-0.9282331002, 0.9282331002, 0.0], [0.0, -0.9282331002, 0.9282331002], [0.0, 0.0, -0.9282331002]]
162;708;145.0;62.11224;[1.0, 0.0, 0.0];[[-0.9040531043, 0.9040531043, 0.0], [0.0, -0.9040531043, 0.9040531043], [0.0, 0.0, -0.9040531043]]
163;709;145.0;62.11224;[1.0, 0.0, 0.0];[[-0.9009730886, 0.9009730886, 0.0], [0.0, -0.9009730886, 0.9009730886], [0.0, 0.0, -0.9009730886]]
164;710;145.0;62.11224;[1.0, 0.0, 0.0];[[-0.9323140832, 0.9323140832, 0.0], [0.0, -0.9323140832, 0.9323140832], [0.0, 0.0, -0.9323140832]]
165;711;145.0;62.11224;[1.0, 0.0, 0.0];[[-0.9555397552, 0.9555397552, 0.0], [0.0, -0.9555397552, 0.9555397552], [0.0, 0.0, -0.9555397552]]
166;712;145.0;62.11224;[1.0, 0.0, 0.0];[[-0.9239210609, 0.9239210609, 0.0], [0.0, -0.9239210609, 0.9239210609], [0.0, 0.0, -0.9239210609]]
167;713;145.0;62.11224;[1.0, 0.0, 0.0];[[-0.8903121257, 0.8903121257, 0.0], [0.0, -0.8903121257, 0.8903121257], [0.0, 0.0, -0.8903121257]]
168;714;145.0;62.11224;[1.0, 0.0, 0.0];[[-0.9039380093, 0.9039380093, 0.0], [0.0, -0.9039380093, 0.9039380093], [0.0, 0.0, -0.9039380093]]
169;715;145.0;62.11224;[1.0, 0.0, 0.0];[[-0.9014359574, 0.9014359574, 0.0], [0.0, -0.9014359574, 0.9014359574], [0.0, 0.0, -0.9014359574]]
170;716;145.0;62.11224;[1.0, 0.0, 0.0];[[-0.9276418969, 0.9276418969, 0.0], [0.0, -0.9276418969, 0.9276418969], [0.0, 0.0, -0.9276418969]]
171;717;145.0;62.11224;[1.0, 0.0, 0.0];[[-0.6120439354, 0.6120439354, 0.0], [0.0, -0.6120439354, 0.0], [0.0, 0.0, -0.313062881]]
172;718;145.0;62.11224;[1.0, 0.0, 0.0];[[-0.9318886303, 0.9318886303, 0.0], [0.0, -0.9318886303, 0.9318886303], [0.0, 0.0, -0.9318886303]]
173;719;145.0;62.11224;[1.0, 0.0, 0.0];[[-0.9001050215, 0.9001050215, 0.0], [0.0, -0.9001050215, 0.9001050215], [0.0, 0.0, -0.9001050215]]
174;720;145.0;62.11224;[1.0, 0.0, 0.0];[[-0.9414883953, 0.9414883953, 0.0], [0.0, -0.9414883953, 0.9414883953], [0.0, 0.0, -0.9414883953]]
175;721;145.0;62.11224;[1.0, 0.0, 0.0];[[-0.8885664872, 0.8885664872, 0.0], [0.0, -0.8885664872, 0.8885664872], [0.0, 0.0, -0.8885664872]]
176;722;145.0;62.11224;[1.0, 0.0, 0.0];[[-0.8621133378, 0.8621133378, 0.0], [0.0, -0.8621133378, 0.8621133378], [0.0, 0.0, -0.8621133378]]
177;723;145.0;62.11224;[1.0, 0.0, 0.0];[[-0.9286145949, 0.9286145949, 0.0], [0.0, -0.9286145949, 0.9286145949], [0.0, 0.0, -0.9286145949]]
178;724;145.0;62.11224;[1.0, 0.0, 0.0];[[-0.8725245462, 0.8725245462, 0.0], [0.0, -0.8725245462, 0.8725245462], [0.0, 0.0, -0.8725245462]]
179;725;145.0;62.11224;[1.0, 0.0, 0.0];[[-0.9059073315, 0.9059073315, 0.0], [0.0, -0.9059073315, 0.9059073315], [0.0, 0.0, -0.9059073315]]
180;726;145.0;62.11224;[1.0, 0.0, 0.0];[[-0.9165221969, 0.9165221969, 0.0], [0.0, -0.9165221969, 0.9165221969], [0.0, 0.0, -0.9165221969]]
181;727;145.0;62.11224;[1.0, 0.0, 0.0];[[-0.9334108011, 0.9334108011, 0.0], [0.0, -0.9334108011, 0.9334108011], [0.0, 0.0, -0.9334108011]]
182;728;145.0;62.11224;[1.0, 0.0, 0.0];[[-0.9401912703, 0.9401912703, 0.0], [0.0, -0.9401912703, 0.9401912703], [0.0, 0.0, -0.9401912703]]
183;729;145.0;62.11224;[1.0, 0.0, 0.0];[[-0.9456024396, 0.9456024396, 0.0], [0.0, -0.9456024396, 0.9456024396], [0.0, 0.0, -0.9456024396]]
184;730;145.0;62.11224;[1.0, 0.0, 0.0];[[-0.9181108267, 0.9181108267, 0.0], [0.0, -0.9181108267, 0.9181108267], [0.0, 0.0, -0.9181108267]]
185;731;145.0;62.11224;[1.0, 0.0, 0.0];[[-0.9174832274, 0.9174832274, 0.0], [0.0, -0.9174832274, 0.9174832274], [0.0, 0.0, -0.9174832274]]
186;732;145.0;62.11224;[1.0, 0.0, 0.0];[[-0.630425692, 0.630425692, 0.0], [0.0, -0.630425692, 0.0], [0.0, 0.0, -0.3262750628]]
187;733;145.0;62.11224;[1.0, 0.0, 0.0];[[-0.6191666513, 0.6191666513, 0.0], [0.0, -0.6191666513, 0.0], [0.0, 0.0, -0.3117644297]]
188;734;145.0;62.11224;[1.0, 0.0, 0.0];[[-0.5902581792, 0.5902581792, 0.0], [0.0, -0.5902581792, 0.0], [0.0, 0.0, -0.298798622]]
189;735;145.0;62.11224;[1.0, 0.0, 0.0];[[-0.9041676195, 0.9041676195, 0.0], [0.0, -0.9041676195, 0.9041676195], [0.0, 0.0, -0.9041676195]]
190;736;145.0;62.11224;[1.0, 0.0, 0.0];[[-0.9167620478, 0.9167620478, 0.0], [0.0, -0.9167620478, 0.9167620478], [0.0, 0.0, -0.9167620478]]
191;737;145.0;62.11224;[1.0, 0.0, 0.0];[[-0.6194642139, 0.6194642139, 0.0], [0.0, -0.6194642139, 0.0], [0.0, 0.0, -0.3119236554]]
192;738;145.0;62.11224;[1.0, 0.0, 0.0];[[-0.9184578314, 0.9184578314, 0.0], [0.0, -0.9184578314, 0.9184578314], [0.0, 0.0, -0.9184578314]]
193;739;145.0;62.11224;[1.0, 0.0, 0.0];[[-0.9469076956, 0.9469076956, 0.0], [0.0, -0.9469076956, 0.9469076956], [0.0, 0.0, -0.9469076956]]
194;740;145.0;62.11224;[1.0, 0.0, 0.0];[[-0.9060494826, 0.9060494826, 0.0], [0.0, -0.9060494826, 0.9060494826], [0.0, 0.0, -0.9060494826]]
195;741;145.0;62.11224;[1.0, 0.0, 0.0];[[-0.9395870355, 0.9395870355, 0.0], [0.0, -0.9395870355, 0.9395870355], [0.0, 0.0, -0.9395870355]]
196;742;145.0;62.11224;[1.0, 0.0, 0.0];[[-0.9034393631, 0.9034393631, 0.0], [0.0, -0.9034393631, 0.9034393631], [0.0, 0.0, -0.9034393631]]
197;743;145.0;62.11224;[1.0, 0.0, 0.0];[[-0.920106239, 0.920106239, 0.0], [0.0, -0.920106239, 0.920106239], [0.0, 0.0, -0.920106239]]
198;744;145.0;62.11224;[1.0, 0.0, 0.0];[[-0.9107075195, 0.9107075195, 0.0], [0.0, -0.9107075195, 0.9107075195], [0.0, 0.0, -0.9107075195]]
199;745;145.0;62.11224;[1.0, 0.0, 0.0];[[-0.9341145078, 0.9341145078, 0.0], [0.0, -0.9341145078, 0.9341145078], [0.0, 0.0, -0.9341145078]]
200;746;145.0;62.11224;[1.0, 0.0, 0.0];[[-0.9710688905, 0.9710688905, 0.0], [0.0, -0.9710688905, 0.9710688905], [0.0, 0.0, -0.9710688905]]
201;747;145.0;62.11224;[1.0, 0.0, 0.0];[[-0.9167181692, 0.9167181692, 0.0], [0.0, -0.9167181692, 0.9167181692], [0.0, 0.0, -0.9167181692]]
202;748;145.0;62.11224;[1.0, 0.0, 0.0];[[-0.9403133133, 0.9403133133, 0.0], [0.0, -0.9403133133, 0.9403133133], [0.0, 0.0, -0.9403133133]]
203;749;145.0;62.11224;[1.0, 0.0, 0.0];[[-0.8912328714, 0.8912328714, 0.0], [0.0, -0.8912328714, 0.8912328714], [0.0, 0.0, -0.8912328714]]
204;750;145.0;62.11224;[1.0, 0.0, 0.0];[[-0.9253942924, 0.9253942924, 0.0], [0.0, -0.9253942924, 0.9253942924], [0.0, 0.0, -0.9253942924]]
205;751;145.0;62.11224;[1.0, 0.0, 0.0];[[-0.6221312203, 0.6221312203, 0.0], [0.0, -0.6221312203, 0.0], [0.0, 0.0, -0.31607881]]
206;752;145.0;62.11224;[1.0, 0.0, 0.0];[[-0.9115892565, 0.9115892565, 0.0], [0.0, -0.9115892565, 0.9115892565], [0.0, 0.0, -0.9115892565]]
207;753;145.0;62.11224;[1.0, 0.0, 0.0];[[-0.9299076178, 0.9299076178, 0.0], [0.0, -0.9299076178, 0.9299076178], [0.0, 0.0, -0.9299076178]]
208;754;145.0;62.11224;[1.0, 0.0, 0.0];[[-0.9121412127, 0.9121412127, 0.0], [0.0, -0.9121412127, 0.9121412127], [0.0, 0.0, -0.9121412127]]
209;755;145.0;62.11224;[1.0, 0.0, 0.0];[[-0.9105842035, 0.9105842035, 0.0], [0.0, -0.9105842035, 0.9105842035], [0.0, 0.0, -0.9105842035]]
210;756;145.0;62.11224;[1.0, 0.0, 0.0];[[-0.9355074666, 0.9355074666, 0.0], [0.0, -0.9355074666, 0.9355074666], [0.0, 0.0, -0.9355074666]]
211;757;145.0;62.11224;[1.0, 0.0, 0.0];[[-0.9310999615, 0.9310999615, 0.0], [0.0, -0.9310999615, 0.9310999615], [0.0, 0.0, -0.9310999615]]
212;758;145.0;62.11224;[1.0, 0.0, 0.0];[[-0.9298976048, 0.9298976048, 0.0], [0.0, -0.9298976048, 0.9298976048], [0.0, 0.0, -0.9298976048]]
213;759;145.0;62.11224;[1.0, 0.0, 0.0];[[-0.905025821, 0.905025821, 0.0], [0.0, -0.905025821, 0.905025821], [0.0, 0.0, -0.905025821]]
214;760;145.0;62.11224;[1.0, 0.0, 0.0];[[-0.947071494, 0.947071494, 0.0], [0.0, -0.947071494, 0.947071494], [0.0, 0.0, -0.947071494]]
215;761;145.0;62.11224;[1.0, 0.0, 0.0];[[-0.9301303742, 0.9301303742, 0.0], [0.0, -0.9301303742, 0.9301303742], [0.0, 0.0, -0.9301303742]]
216;762;145.0;62.11224;[1.0, 0.0, 0.0];[[-0.918503868, 0.918503868, 0.0], [0.0, -0.918503868, 0.918503868], [0.0, 0.0, -0.918503868]]
217;763;145.0;62.11224;[1.0, 0.0, 0.0];[[-0.9181259977, 0.9181259977, 0.0], [0.0, -0.9181259977, 0.9181259977], [0.0, 0.0, -0.9181259977]]
218;764;145.0;62.11224;[1.0, 0.0, 0.0];[[-0.9194092998, 0.9194092998, 0.0], [0.0, -0.9194092998, 0.9194092998], [0.0, 0.0, -0.9194092998]]
219;765;145.0;62.11224;[1.0, 0.0, 0.0];[[-0.9314748485, 0.9314748485, 0.0], [0.0, -0.9314748485, 0.9314748485], [0.0, 0.0, -0.9314748485]]
220;766;145.0;62.11224;[1.0, 0.0, 0.0];[[-0.9304155433, 0.9304155433, 0.0], [0.0, -0.9304155433, 0.9304155433], [0.0, 0.0, -0.9304155433]]
221;767;145.0;62.11224;[1.0, 0.0, 0.0];[[-0.9358121312, 0.9358121312, 0.0], [0.0, -0.9358121312, 0.9358121312], [0.0, 0.0, -0.9358121312]]
222;768;145.0;62.11224;[1.0, 0.0, 0.0];[[-0.9367652411, 0.9367652411, 0.0], [0.0, -0.9367652411, 0.9367652411], [0.0, 0.0, -0.9367652411]]
223;769;145.0;62.11224;[1.0, 0.0, 0.0];[[-0.929468214, 0.929468214, 0.0], [0.0, -0.929468214, 0.929468214], [0.0, 0.0, -0.929468214]]
224;770;145.0;62.11224;[1.0, 0.0, 0.0];[[-0.8914857127, 0.8914857127, 0.0], [0.0, -0.8914857127, 0.8914857127], [0.0, 0.0, -0.8914857127]]
225;771;145.0;62.11224;[1.0, 0.0, 0.0];[[-0.8731857322, 0.8731857322, 0.0], [0.0, -0.8731857322, 0.8731857322], [0.0, 0.0, -0.8731857322]]
226;772;145.0;62.11224;[1.0, 0.0, 0.0];[[-0.9199509508, 0.9199509508, 0.0], [0.0, -0.9199509508, 0.9199509508], [0.0, 0.0, -0.9199509508]]
227;773;145.0;62.11224;[1.0, 0.0, 0.0];[[-0.9574010166, 0.9574010166, 0.0], [0.0, -0.9574010166, 0.9574010166], [0.0, 0.0, -0.9574010166]]
228;774;145.0;62.11224;[1.0, 0.0, 0.0];[[-0.914896245, 0.914896245, 0.0], [0.0, -0.914896245, 0.914896245], [0.0, 0.0, -0.914896245]]
229;775;145.0;62.11224;[1.0, 0.0, 0.0];[[-0.9223513651, 0.9223513651, 0.0], [0.0, -0.9223513651, 0.9223513651], [0.0, 0.0, -0.9223513651]]
230;776;145.0;62.11224;[1.0, 0.0, 0.0];[[-0.950445127, 0.950445127, 0.0], [0.0, -0.950445127, 0.950445127], [0.0, 0.0, -0.950445127]]
231;777;145.0;62.11224;[1.0, 0.0, 0.0];[[-0.9183164223, 0.9183164223, 0.0], [0.0, -0.9183164223, 0.9183164223], [0.0, 0.0, -0.9183164223]]
232;778;145.0;62.11224;[1.0, 0.0, 0.0];[[-0.9414138295, 0.9414138295, 0.0], [0.0, -0.9414138295, 0.9414138295], [0.0, 0.0, -0.9414138295]]
233;779;145.0;62.11224;[1.0, 0.0, 0.0];[[-0.8771093684, 0.8771093684, 0.0], [0.0, -0.8771093684, 0.8771093684], [0.0, 0.0, -0.8771093684]]
234;780;145.0;62.11224;[1.0, 0.0, 0.0];[[-0.6103056234, 0.6103056234, 0.0], [0.0, -0.6103056234, 0.0], [0.0, 0.0, -0.3096369172]]
235;781;145.0;62.11224;[1.0, 0.0, 0.0];[[-0.9379454742, 0.9379454742, 0.0], [0.0, -0.9379454742, 0.9379454742], [0.0, 0.0, -0.9379454742]]
236;782;145.0;62.11224;[1.0, 0.0, 0.0];[[-0.9228894473, 0.9228894473, 0.0], [0.0, -0.9228894473, 0.9228894473], [0.0, 0.0, -0.9228894473]]
237;783;145.0;62.11224;[1.0, 0.0, 0.0];[[-0.9044690924, 0.9044690924, 0.0], [0.0, -0.9044690924, 0.9044690924], [0.0, 0.0, -0.9044690924]]
238;784;145.0;62.11224;[1.0, 0.0, 0.0];[[-0.9305361999, 0.9305361999, 0.0], [0.0, -0.9305361999, 0.9305361999], [0.0, 0.0, -0.9305361999]]
239;785;145.0;62.11224;[1.0, 0.0, 0.0];[[-0.8741239286, 0.8741239286, 0.0], [0.0, -0.8741239286, 0.8741239286], [0.0, 0.0, -0.8741239286]]
240;786;145.0;62.11224;[1.0, 0.0, 0.0];[[-0.9100360062, 0.9100360062, 0.0], [0.0, -0.9100360062, 0.9100360062], [0.0, 0.0, -0.9100360062]]
241;787;145.0;62.11224;[1.0, 0.0, 0.0];[[-0.9561241955, 0.9561241955, 0.0], [0.0, -0.9561241955, 0.9561241955], [0.0, 0.0, -0.9561241955]]
242;788;145.0;62.11224;[1.0, 0.0, 0.0];[[-0.9065081111, 0.9065081111, 0.0], [0.0, -0.9065081111, 0.9065081111], [0.0, 0.0, -0.9065081111]]
243;789;145.0;62.11224;[1.0, 0.0, 0.0];[[-0.9007981033, 0.9007981033, 0.0], [0.0, -0.9007981033, 0.9007981033], [0.0, 0.0, -0.9007981033]]
244;790;145.0;62.11224;[1.0, 0.0, 0.0];[[-0.9359186347, 0.9359186347, 0.0], [0.0, -0.9359186347, 0.9359186347], [0.0, 0.0, -0.9359186347]]
245;791;145.0;62.11224;[1.0, 0.0, 0.0];[[-0.8954945349, 0.8954945349, 0.0], [0.0, -0.8954945349, 0.8954945349], [0.0, 0.0, -0.8954945349]]
246;792;145.0;62.11224;[1.0, 0.0, 0.0];[[-0.918472648, 0.918472648, 0.0], [0.0, -0.918472648, 0.918472648], [0.0, 0.0, -0.918472648]]
247;793;145.0;62.11224;[1.0, 0.0, 0.0];[[-0.8973277771, 0.8973277771, 0.0], [0.0, -0.8973277771, 0.8973277771], [0.0, 0.0, -0.8973277771]]
248;794;145.0;62.11224;[1.0, 0.0, 0.0];[[-0.9385435285, 0.9385435285, 0.0], [0.0, -0.9385435285, 0.9385435285], [0.0, 0.0, -0.9385435285]]
249;795;145.0;62.11224;[1.0, 0.0, 0.0];[[-0.93150604, 0.93150604, 0.0], [0.0, -0.93150604, 0.93150604], [0.0, 0.0, -0.93150604]]
250;796;145.0;62.11224;[1.0, 0.0, 0.0];[[-0.8995796152, 0.8995796152, 0.0], [0.0, -0.8995796152, 0.8995796152], [0.0, 0.0, -0.8995796152]]
251;797;145.0;62.11224;[1.0, 0.0, 0.0];[[-0.9444371018, 0.9444371018, 0.0], [0.0, -0.9444371018, 0.9444371018], [0.0, 0.0, -0.9444371018]]
252;798;145.0;62.11224;[1.0, 0.0, 0.0];[[-0.9287079307, 0.9287079307, 0.0], [0.0, -0.9287079307, 0.9287079307], [0.0, 0.0, -0.9287079307]]
253;799;145.0;62.11224;[1.0, 0.0, 0.0];[[-0.8953633197, 0.8953633197, 0.0], [0.0, -0.8953633197, 0.8953633197], [0.0, 0.0, -0.8953633197]]
254;800;145.0;62.11224;[1.0, 0.0, 0.0];[[-0.9319515262, 0.9319515262, 0.0], [0.0, -0.9319515262, 0.9319515262], [0.0, 0.0, -0.9319515262]]
255;801;145.0;62.11224;[0.9949748744, 0.0, 0.0];[[-0.6030925783, 0.6030925783, 0.0], [0.0, -0.6030925783, 0.0], [0.0, 0.0, -0.3084883466]]
256;802;145.0;62.11224;[1.0, 0.0, 0.0];[[-0.9128755063, 0.9128755063, 0.0], [0.0, -0.9128755063, 0.9128755063], [0.0, 0.0, -0.9128755063]]
257;803;145.0;62.11224;[1.0, 0.0, 0.0];[[-0.9211565151, 0.9211565151, 0.0], [0.0, -0.9211565151, 0.9211565151], [0.0, 0.0, -0.9211565151]]
258;804;145.0;62.11224;[1.0, 0.0, 0.0];[[-0.9167129775, 0.9167129775, 0.0], [0.0, -0.9167129775, 0.9167129775], [0.0, 0.0, -0.9167129775]]
259;805;145.0;62.11224;[1.0, 0.0, 0.0];[[-0.9054646398, 0.9054646398, 0.0], [0.0, -0.9054646398, 0.9054646398], [0.0, 0.0, -0.9054646398]]
260;806;145.0;62.11224;[1.0, 0.0, 0.0];[[-0.9220883838, 0.9220883838, 0.0], [0.0, -0.9220883838, 0.9220883838], [0.0, 0.0, -0.9220883838]]
261;807;145.0;62.11224;[1.0, 0.0, 0.0];[[-0.8976873964, 0.8976873964, 0.0], [0.0, -0.8976873964, 0.8976873964], [0.0, 0.0, -0.8976873964]]
262;808;145.0;62.11224;[1.0, 0.0, 0.0];[[-0.9065166873, 0.9065166873, 0.0], [0.0, -0.9065166873, 0.9065166873], [0.0, 0.0, -0.9065166873]]
263;809;145.0;62.11224;[1.0, 0.0, 0.0];[[-0.9204867417, 0.9204867417, 0.0], [0.0, -0.9204867417, 0.9204867417], [0.0, 0.0, -0.9204867417]]
264;810;145.0;62.11224;[1.0, 0.0, 0.0];[[-0.9014240369, 0.9014240369, 0.0], [0.0, -0.9014240369, 0.9014240369], [0.0, 0.0, -0.9014240369]]
265;811;145.0;62.11224;[1.0, 0.0, 0.0];[[-0.932453623, 0.932453623, 0.0], [0.0, -0.932453623, 0.932453623], [0.0, 0.0, -0.932453623]]
266;812;145.0;62.11224;[1.0, 0.0, 0.0];[[-0.9141168316, 0.9141168316, 0.0], [0.0, -0.9141168316, 0.9141168316], [0.0, 0.0, -0.9141168316]]
267;813;145.0;62.11224;[1.0, 0.0, 0.0];[[-0.9027384483, 0.9027384483, 0.0], [0.0, -0.9027384483, 0.9027384483], [0.0, 0.0, -0.9027384483]]
268;814;145.0;62.11224;[1.0, 0.0, 0.0];[[-0.8944988216, 0.8944988216, 0.0], [0.0, -0.8944988216, 0.8944988216], [0.0, 0.0, -0.8944988216]]
269;815;145.0;62.11224;[1.0, 0.0, 0.0];[[-0.9038468776, 0.9038468776, 0.0], [0.0, -0.9038468776, 0.9038468776], [0.0, 0.0, -0.9038468776]]
270;816;145.0;62.11224;[1.0, 0.0, 0.0];[[-0.9513617423, 0.9513617423, 0.0], [0.0, -0.9513617423, 0.9513617423], [0.0, 0.0, -0.9513617423]]
271;817;145.0;62.11224;[1.0, 0.0, 0.0];[[-0.613889371, 0.613889371, 0.0], [0.0, -0.613889371, 0.0], [0.0, 0.0, -0.3110590562]]
272;818;145.0;62.11224;[1.0, 0.0, 0.0];[[-0.9383792892, 0.9383792892, 0.0], [0.0, -0.9383792892, 0.9383792892], [0.0, 0.0, -0.9383792892]]
273;819;145.0;62.11224;[1.0, 0.0, 0.0];[[-0.9458699172, 0.9458699172, 0.0], [0.0, -0.9458699172, 0.9458699172], [0.0, 0.0, -0.9458699172]]
274;820;145.0;62.11224;[1.0, 0.0, 0.0];[[-0.9076371648, 0.9076371648, 0.0], [0.0, -0.9076371648, 0.9076371648], [0.0, 0.0, -0.9076371648]]
275;821;145.0;62.11224;[1.0, 0.0, 0.0];[[-0.9034572844, 0.9034572844, 0.0], [0.0, -0.9034572844, 0.9034572844], [0.0, 0.0, -0.9034572844]]
276;822;145.0;62.11224;[1.0, 0.0, 0.0];[[-0.92553545, 0.92553545, 0.0], [0.0, -0.92553545, 0.92553545], [0.0, 0.0, -0.92553545]]
277;823;145.0;62.11224;[1.0, 0.0, 0.0];[[-0.931043425, 0.931043425, 0.0], [0.0, -0.931043425, 0.931043425], [0.0, 0.0, -0.931043425]]
278;824;145.0;62.11224;[1.0, 0.0, 0.0];[[-0.9393223571, 0.9393223571, 0.0], [0.0, -0.9393223571, 0.9393223571], [0.0, 0.0, -0.9393223571]]
279;825;145.0;62.11224;[1.0, 0.0, 0.0];[[-0.8867912988, 0.8867912988, 0.0], [0.0, -0.8867912988, 0.8867912988], [0.0, 0.0, -0.8867912988]]
280;826;145.0;62.11224;[1.0, 0.0, 0.0];[[-0.9018730994, 0.9018730994, 0.0], [0.0, -0.9018730994, 0.9018730994], [0.0, 0.0, -0.9018730994]]
281;827;145.0;62.11224;[1.0, 0.0, 0.0];[[-0.9142354383, 0.9142354383, 0.0], [0.0, -0.9142354383, 0.9142354383], [0.0, 0.0, -0.9142354383]]
282;828;145.0;62.11224;[1.0, 0.0, 0.0];[[-0.6171252063, 0.6171252063, 0.0], [0.0, -0.6171252063, 0.0], [0.0, 0.0, -0.3134856678]]
283;829;145.0;62.11224;[1.0, 0.0, 0.0];[[-0.9477198548, 0.9477198548, 0.0], [0.0, -0.9477198548, 0.9477198548], [0.0, 0.0, -0.9477198548]]
284;830;145.0;62.11224;[1.0, 0.0, 0.0];[[-0.9445987683, 0.9445987683, 0.0], [0.0, -0.9445987683, 0.9445987683], [0.0, 0.0, -0.9445987683]]
285;831;145.0;62.11224;[1.0, 0.0, 0.0];[[-0.9193768946, 0.9193768946, 0.0], [0.0, -0.9193768946, 0.9193768946], [0.0, 0.0, -0.9193768946]]
286;832;145.0;62.11224;[1.0, 0.0, 0.0];[[-0.9300828812, 0.9300828812, 0.0], [0.0, -0.9300828812, 0.9300828812], [0.0, 0.0, -0.9300828812]]
287;833;145.0;62.11224;[1.0, 0.0, 0.0];[[-0.9310198111, 0.9310198111, 0.0], [0.0, -0.9310198111, 0.9310198111], [0.0, 0.0, -0.9310198111]]
288;834;145.0;62.11224;[1.0, 0.0, 0.0];[[-0.9615593201, 0.9615593201, 0.0], [0.0, -0.9615593201, 0.9615593201], [0.0, 0.0, -0.9615593201]]
289;835;145.0;62.11224;[1.0, 0.0, 0.0];[[-0.9322846196, 0.9322846196, 0.0], [0.0, -0.9322846196, 0.9322846196], [0.0, 0.0, -0.9322846196]]
290;836;145.0;62.11224;[1.0, 0.0, 0.0];[[-0.9158518351, 0.9158518351, 0.0], [0.0, -0.9158518351, 0.9158518351], [0.0, 0.0, -0.9158518351]]
291;837;145.0;62.11224;[1.0, 0.0, 0.0];[[-0.922688106, 0.922688106, 0.0], [0.0, -0.922688106, 0.922688106], [0.0, 0.0, -0.922688106]]
292;838;145.0;62.11224;[1.0, 0.0, 0.0];[[-0.9285921136, 0.9285921136, 0.0], [0.0, -0.9285921136, 0.9285921136], [0.0, 0.0, -0.9285921136]]
293;839;145.0;62.11224;[1.0, 0.0, 0.0];[[-0.9197810671, 0.9197810671, 0.0], [0.0, -0.9197810671, 0.9197810671], [0.0, 0.0, -0.9197810671]]
294;840;145.0;62.11224;[1.0, 0.0, 0.0];[[-0.9095970579, 0.9095970579, 0.0], [0.0, -0.9095970579, 0.9095970579], [0.0, 0.0, -0.9095970579]]
295;841;145.0;62.11224;[1.0, 0.0, 0.0];[[-0.8864034316, 0.8864034316, 0.0], [0.0, -0.8864034316, 0.8864034316], [0.0, 0.0, -0.8864034316]]
296;842;145.0;62.11224;[1.0, 0.0, 0.0];[[-0.9265382694, 0.9265382694, 0.0], [0.0, -0.9265382694, 0.9265382694], [0.0, 0.0, -0.9265382694]]
297;843;145.0;62.11224;[1.0, 0.0, 0.0];[[-0.9050988847, 0.9050988847, 0.0], [0.0, -0.9050988847, 0.9050988847], [0.0, 0.0, -0.9050988847]]
298;844;145.0;62.11224;[1.0, 0.0, 0.0];[[-0.9119624959, 0.9119624959, 0.0], [0.0, -0.9119624959, 0.9119624959], [0.0, 0.0, -0.9119624959]]
299;845;145.0;62.11224;[1.0, 0.0, 0.0];[[-0.9338886301, 0.9338886301, 0.0], [0.0, -0.9338886301, 0.9338886301], [0.0, 0.0, -0.9338886301]]
300;846;145.0;62.11224;[1.0, 0.0, 0.0];[[-0.9187389576, 0.9187389576, 0.0], [0.0, -0.9187389576, 0.9187389576], [0.0, 0.0, -0.9187389576]]
301;847;145.0;62.11224;[1.0, 0.0, 0.0];[[-0.9368408802, 0.9368408802, 0.0], [0.0, -0.9368408802, 0.9368408802], [0.0, 0.0, -0.9368408802]]
302;848;145.0;62.11224;[1.0, 0.0, 0.0];[[-0.9138432147, 0.9138432147, 0.0], [0.0, -0.9138432147, 0.9138432147], [0.0, 0.0, -0.9138432147]]
303;849;145.0;62.11224;[1.0, 0.0, 0.0];[[-0.9522479716, 0.9522479716, 0.0], [0.0, -0.9522479716, 0.9522479716], [0.0, 0.0, -0.9522479716]]
304;850;145.0;62.11224;[1.0, 0.0, 0.0];[[-0.9281419228, 0.9281419228, 0.0], [0.0, -0.9281419228, 0.9281419228], [0.0, 0.0, -0.9281419228]]
305;851;145.0;62.11224;[1.0, 0.0, 0.0];[[-0.9715584654, 0.9715584654, 0.0], [0.0, -0.9715584654, 0.9715584654], [0.0, 0.0, -0.9715584654]]
306;852;145.0;62.11224;[1.0, 0.0, 0.0];[[-0.921744316, 0.921744316, 0.0], [0.0, -0.921744316, 0.921744316], [0.0, 0.0, -0.921744316]]
307;853;145.0;62.11224;[1.0, 0.0, 0.0];[[-0.8811709001, 0.8811709001, 0.0], [0.0, -0.8811709001, 0.8811709001], [0.0, 0.0, -0.8811709001]]
308;854;145.0;62.11224;[1.0, 0.0, 0.0];[[-0.9429046972, 0.9429046972, 0.0], [0.0, -0.9429046972, 0.9429046972], [0.0, 0.0, -0.9429046972]]
309;855;145.0;62.11224;[1.0, 0.0, 0.0];[[-0.6349068602, 0.6349068602, 0.0], [0.0, -0.6349068602, 0.0], [0.0, 0.0, -0.3239706492]]
310;856;145.0;62.11224;[1.0, 0.0, 0.0];[[-0.8956995515, 0.8956995515, 0.0], [0.0, -0.8956995515, 0.8956995515], [0.0, 0.0, -0.8956995515]]
311;857;145.0;62.11224;[1.0, 0.0, 0.0];[[-0.9440925912, 0.9440925912, 0.0], [0.0, -0.9440925912, 0.9440925912], [0.0, 0.0, -0.9440925912]]
312;858;145.0;62.11224;[1.0, 0.0, 0.0];[[-0.8936610934, 0.8936610934, 0.0], [0.0, -0.8936610934, 0.8936610934], [0.0, 0.0, -0.8936610934]]
313;859;145.0;62.11224;[1.0, 0.0, 0.0];[[-0.9085654065, 0.9085654065, 0.0], [0.0, -0.9085654065, 0.9085654065], [0.0, 0.0, -0.9085654065]]
314;860;145.0;62.11224;[1.0, 0.0, 0.0];[[-0.9302578956, 0.9302578956, 0.0], [0.0, -0.9302578956, 0.9302578956], [0.0, 0.0, -0.9302578956]]
315;861;145.0;62.11224;[1.0, 0.0, 0.0];[[-0.9063063971, 0.9063063971, 0.0], [0.0, -0.9063063971, 0.9063063971], [0.0, 0.0, -0.9063063971]]
316;862;145.0;62.11224;[1.0, 0.0, 0.0];[[-0.9194967168, 0.9194967168, 0.0], [0.0, -0.9194967168, 0.9194967168], [0.0, 0.0, -0.9194967168]]
317;863;145.0;62.11224;[1.0, 0.0, 0.0];[[-0.9375619511, 0.9375619511, 0.0], [0.0, -0.9375619511, 0.9375619511], [0.0, 0.0, -0.9375619511]]
318;864;145.0;62.11224;[1.0, 0.0, 0.0];[[-0.9354488953, 0.9354488953, 0.0], [0.0, -0.9354488953, 0.9354488953], [0.0, 0.0, -0.9354488953]]
319;865;145.0;62.11224;[1.0, 0.0, 0.0];[[-0.9177752371, 0.9177752371, 0.0], [0.0, -0.9177752371, 0.9177752371], [0.0, 0.0, -0.9177752371]]
320;866;145.0;62.11224;[1.0, 0.0, 0.0];[[-0.9043217513, 0.9043217513, 0.0], [0.0, -0.9043217513, 0.9043217513], [0.0, 0.0, -0.9043217513]]
321;867;145.0;62.11224;[1.0, 0.0, 0.0];[[-0.9242406541, 0.9242406541, 0.0], [0.0, -0.9242406541, 0.9242406541], [0.0, 0.0, -0.9242406541]]
322;868;145.0;62.11224;[1.0, 0.0, 0.0];[[-0.8985850518, 0.8985850518, 0.0], [0.0, -0.8985850518, 0.8985850518], [0.0, 0.0, -0.8985850518]]
323;869;145.0;62.11224;[1.0, 0.0, 0.0];[[-0.9185043759, 0.9185043759, 0.0], [0.0, -0.9185043759, 0.9185043759], [0.0, 0.0, -0.9185043759]]
324;870;145.0;62.11224;[1.0, 0.0, 0.0];[[-0.8900153183, 0.8900153183, 0.0], [0.0, -0.8900153183, 0.8900153183], [0.0, 0.0, -0.8900153183]]
325;871;145.0;62.11224;[1.0, 0.0, 0.0];[[-0.9439512096, 0.9439512096, 0.0], [0.0, -0.9439512096, 0.9439512096], [0.0, 0.0, -0.9439512096]]
326;872;145.0;62.11224;[1.0, 0.0, 0.0];[[-0.8989404203, 0.8989404203, 0.0], [0.0, -0.8989404203, 0.8989404203], [0.0, 0.0, -0.8989404203]]
327;873;145.0;62.11224;[1.0, 0.0, 0.0];[[-0.9305558926, 0.9305558926, 0.0], [0.0, -0.9305558926, 0.9305558926], [0.0, 0.0, -0.9305558926]]
328;874;145.0;62.11224;[1.0, 0.0, 0.0];[[-0.6041124909, 0.6041124909, 0.0], [0.0, -0.6041124909, 0.0], [0.0, 0.0, -0.3036305725]]
329;875;145.0;62.11224;[1.0, 0.0, 0.0];[[-0.9334836661, 0.9334836661, 0.0], [0.0, -0.9334836661, 0.9334836661], [0.0, 0.0, -0.9334836661]]
330;876;145.0;62.11224;[1.0, 0.0, 0.0];[[-0.9193966133, 0.9193966133, 0.0], [0.0, -0.9193966133, 0.9193966133], [0.0, 0.0, -0.9193966133]]
331;877;145.0;62.11224;[1.0, 0.0, 0.0];[[-0.9237915675, 0.9237915675, 0.0], [0.0, -0.9237915675, 0.9237915675], [0.0, 0.0, -0.9237915675]]
332;878;145.0;62.11224;[1.0, 0.0, 0.0];[[-0.9256700053, 0.9256700053, 0.0], [0.0, -0.9256700053, 0.9256700053], [0.0, 0.0, -0.9256700053]]
333;879;145.0;62.11224;[1.0, 0.0, 0.0];[[-0.8842203919, 0.8842203919, 0.0], [0.0, -0.8842203919, 0.8842203919], [0.0, 0.0, -0.8842203919]]
334;880;145.0;62.11224;[1.0, 0.0, 0.0];[[-0.9345692118, 0.9345692118, 0.0], [0.0, -0.9345692118, 0.9345692118], [0.0, 0.0, -0.9345692118]]
335;881;145.0;62.11224;[1.0, 0.0, 0.0];[[-0.905744682, 0.905744682, 0.0], [0.0, -0.905744682, 0.905744682], [0.0, 0.0, -0.905744682]]
336;882;145.0;62.11224;[1.0, 0.0, 0.0];[[-0.9129710599, 0.9129710599, 0.0], [0.0, -0.9129710599, 0.9129710599], [0.0, 0.0, -0.9129710599]]
337;883;145.0;62.11224;[1.0, 0.0, 0.0];[[-0.9207765556, 0.9207765556, 0.0], [0.0, -0.9207765556, 0.9207765556], [0.0, 0.0, -0.9207765556]]
338;884;145.0;62.11224;[1.0, 0.0, 0.0];[[-0.9063058639, 0.9063058639, 0.0], [0.0, -0.9063058639, 0.9063058639], [0.0, 0.0, -0.9063058639]]
339;885;145.0;62.11224;[1.0, 0.0, 0.0];[[-0.6240414035, 0.6240414035, 0.0], [0.0, -0.6240414035, 0.0], [0.0, 0.0, -0.3220994518]]
340;886;145.0;62.11224;[1.0, 0.0, 0.0];[[-0.9466360598, 0.9466360598, 0.0], [0.0, -0.9466360598, 0.9466360598], [0.0, 0.0, -0.9466360598]]
341;887;145.0;62.11224;[1.0, 0.0, 0.0];[[-0.9359965903, 0.9359965903, 0.0], [0.0, -0.9359965903, 0.9359965903], [0.0, 0.0, -0.9359965903]]
342;888;145.0;62.11224;[1.0, 0.0, 0.0];[[-0.8934873128, 0.8934873128, 0.0], [0.0, -0.8934873128, 0.8934873128], [0.0, 0.0, -0.8934873128]]
343;889;145.0;62.11224;[1.0, 0.0, 0.0];[[-0.8927941771, 0.8927941771, 0.0], [0.0, -0.8927941771, 0.8927941771], [0.0, 0.0, -0.8927941771]]
344;890;145.0;62.11224;[1.0, 0.0, 0.0];[[-0.9196713945, 0.9196713945, 0.0], [0.0, -0.9196713945, 0.9196713945], [0.0, 0.0, -0.9196713945]]
345;891;145.0;62.11224;[1.0, 0.0, 0.0];[[-0.9231285781, 0.9231285781, 0.0], [0.0, -0.9231285781, 0.9231285781], [0.0, 0.0, -0.9231285781]]
346;892;145.0;62.11224;[1.0, 0.0, 0.0];[[-0.9428236896, 0.9428236896, 0.0], [0.0, -0.9428236896, 0.9428236896], [0.0, 0.0, -0.9428236896]]
347;893;145.0;62.11224;[1.0, 0.0, 0.0];[[-0.9118964147, 0.9118964147, 0.0], [0.0, -0.9118964147, 0.9118964147], [0.0, 0.0, -0.9118964147]]
348;894;145.0;62.11224;[1.0, 0.0, 0.0];[[-0.9342330182, 0.9342330182, 0.0], [0.0, -0.9342330182, 0.9342330182], [0.0, 0.0, -0.9342330182]]
349;895;145.0;62.11224;[1.0, 0.0, 0.0];[[-0.9548777485, 0.9548777485, 0.0], [0.0, -0.9548777485, 0.9548777485], [0.0, 0.0, -0.9548777485]]
350;896;145.0;62.11224;[1.0, 0.0, 0.0];[[-0.9196217186, 0.9196217186, 0.0], [0.0, -0.9196217186, 0.9196217186], [0.0, 0.0, -0.9196217186]]
351;897;145.0;62.11224;[1.0, 0.0, 0.0];[[-0.9351215286, 0.9351215286, 0.0], [0.0, -0.9351215286, 0.9351215286], [0.0, 0.0, -0.9351215286]]
352;898;145.0;62.11224;[1.0, 0.0, 0.0];[[-0.6408245194, 0.6408245194, 0.0], [0.0, -0.6408245194, 0.0], [0.0, 0.0, -0.3223655615]]
353;899;145.0;62.11224;[1.0, 0.0, 0.0];[[-0.928543801, 0.928543801, 0.0], [0.0, -0.928543801, 0.928543801], [0.0, 0.0, -0.928543801]]
354;900;145.0;62.11224;[1.0, 0.0, 0.0];[[-0.9333169477, 0.9333169477, 0.0], [0.0, -0.9333169477, 0.9333169477], [0.0, 0.0, -0.9333169477]]
355;901;145.0;62.11224;[1.0, 0.0, 0.0];[[-0.922131894, 0.922131894, 0.0], [0.0, -0.922131894, 0.922131894], [0.0, 0.0, -0.922131894]]
356;902;145.0;62.11224;[1.0, 0.0, 0.0];[[-0.9043763784, 0.9043763784, 0.0], [0.0, -0.9043763784, 0.9043763784], [0.0, 0.0, -0.9043763784]]
357;903;145.0;62.11224;[1.0, 0.0, 0.0];[[-0.9210535233, 0.9210535233, 0.0], [0.0, -0.9210535233, 0.9210535233], [0.0, 0.0, -0.9210535233]]
358;904;145.0;62.11224;[1.0, 0.0, 0.0];[[-0.9403921243, 0.9403921243, 0.0], [0.0, -0.9403921243, 0.9403921243], [0.0, 0.0, -0.9403921243]]
359;905;145.0;62.11224;[1.0, 0.0, 0.0];[[-0.9376660156, 0.9376660156, 0.0], [0.0, -0.9376660156, 0.9376660156], [0.0, 0.0, -0.9376660156]]
360;906;145.0;62.11224;[1.0, 0.0, 0.0];[[-0.9380830129, 0.9380830129, 0.0], [0.0, -0.9380830129, 0.9380830129], [0.0, 0.0, -0.9380830129]]
