1;547;145.0;62.11224;[1.0, 0.0, 0.0];[[-1.8754081769, 1.8754081769, 0.0], [0.0, -1.8754081769, 1.8754081769], [0.0, 0.0, -1.8754081769]]
2;548;145.0;62.11224;[1.0, 0.0, 0.0];[[-1.8190232719, 1.8190232719, 0.0], [0.0, -1.8190232719, 1.8190232719], [0.0, 0.0, -1.8190232719]]
3;549;145.0;62.11224;[1.0, 0.0, 0.0];[[-1.889688301, 1.889688301, 0.0], [0.0, -1.889688301, 1.889688301], [0.0, 0.0, -1.889688301]]
4;550;145.0;62.11224;[1.0, 0.0, 0.0];[[-1.8916142199, 1.8916142199, 0.0], [0.0, -1.8916142199, 1.8916142199], [0.0, 0.0, -1.8916142199]]
5;551;145.0;62.11224;[1.0, 0.0, 0.0];[[-1.8481033825, 1.8481033825, 0.0], [0.0, -1.8481033825, 1.8481033825], [0.0, 0.0, -1.8481033825]]
6;552;145.0;62.11224;[1.0, 0.0, 0.0];[[-1.8192528712, 1.8192528712, 0.0], [0.0, -1.8192528712, 1.8192528712], [0.0, 0.0, -1.8192528712]]
7;553;145.0;62.11224;[1.0, 0.0, 0.0];[[-1.8272140697, 1.8272140697, 0.0], [0.0, -1.8272140697, 1.8272140697], [0.0, 0.0, -1.8272140697]]
8;554;145.0;62.11224;[1.0, 0.0, 0.0];[[-1.7461251963, 1.7461251963, 0.0], [0.0, -1.7461251963, 1.7461251963], [0.0, 0.0, -1.7461251963]]
9;555;145.0;62.11224;[1.0, 0.0, 0.0];[[-1.7615981642, 1.7615981642, 0.0], [0.0, -1.7615981642, 1.7615981642], [0.0, 0.0, -1.7615981642]]
10;556;145.0;62.11224;[1.0, 0.0, 0.0];[[-1.8237827604, 1.8237827604, 0.0], [0.0, -1.8237827604, 1.8237827604], [0.0, 0.0, -1.8237827604]]
11;557;145.0;62.11224;[1.0, 0.0, 0.0];[[-1.8176278783, 1.8176278783, 0.0], [0.0, -1.8176278783, 1.8176278783], [0.0, 0.0, -1.8176278783]]
12;558;145.0;62.11224;[1.0, 0.0, 0.0];[[-1.8011413322, 1.8011413322, 0.0], [0.0, -1.8011413322, 1.8011413322], [0.0, 0.0, -1.8011413322]]
13;559;145.0;62.11224;[1.0, 0.0, 0.0];[[-1.9318244155, 1.9318244155, 0.0], [0.0, -1.9318244155, 1.9318244155], [0.0, 0.0, -1.9318244155]]
14;560;145.0;62.11224;[1.0, 0.0, 0.0];[[-1.8866667603, 1.8866667603, 0.0], [0.0, -1.8866667603, 1.8866667603], [0.0, 0.0, -1.8866667603]]
15;561;145.0;62.11224;[1.0, 0.0, 0.0];[[-1.2134673749, 1.2134673749, 0.0], [0.0, -1.2134673749, 0.0], [0.0, 0.0, -0.6168631052]]
16;562;145.0;62.11224;[1.0, 0.0, 0.0];[[-1.8218489689, 1.8218489689, 0.0], [0.0, -1.8218489689, 1.8218489689], [0.0, 0.0, -1.8218489689]]
17;563;145.0;62.11224;[1.0, 0.0, 0.0];[[-1.8466260639, 1.8466260639, 0.0], [0.0, -1.8466260639, 1.8466260639], [0.0, 0.0, -1.8466260639]]
18;564;145.0;62.11224;[1.0, 0.0, 0.0];[[-1.8006631765, 1.8006631765, 0.0], [0.0, -1.8006631765, 1.8006631765], [0.0, 0.0, -1.8006631765]]
19;565;145.0;62.11224;[1.0, 0.0, 0.0];[[-1.8329842929, 1.8329842929, 0.0], [0.0, -1.8329842929, 1.8329842929], [0.0, 0.0, -1.8329842929]]
20;566;145.0;62.11224;[1.0, 0.0, 0.0];[[-1.8111705298, 1.8111705298, 0.0], [0.0, -1.8111705298, 1.8111705298], [0.0, 0.0, -1.8111705298]]
21;567;145.0;62.11224;[1.0, 0.0, 0.0];[[-1.8923313067, 1.8923313067, 0.0], [0.0, -1.8923313067, 1.8923313067], [0.0, 0.0, -1.8923313067]]
22;568;145.0;62.11224;[1.0, 0.0, 0.0];[[-1.8847386166, 1.8847386166, 0.0], [0.0, -1.8847386166, 1.8847386166], [0.0, 0.0, -1.8847386166]]
23;569;145.0;62.11224;[1.0, 0.0, 0.0];[[-1.8708279581, 1.8708279581, 0.0], [0.0, -1.8708279581, 1.8708279581], [0.0, 0.0, -1.8708279581]]
24;570;145.0;62.11224;[1.0, 0.0, 0.0];[[-1.2440920663, 1.2440920663, 0.0], [0.0, -1.2440920663, 0.0], [0.0, 0.0, -0.6344196857]]
25;571;145.0;62.11224;[1.0, 0.0, 0.0];[[-1.8565910268, 1.8565910268, 0.0], [0.0, -1.8565910268, 1.8565910268], [0.0, 0.0, -1.8565910268]]
26;572;145.0;62.11224;[1.0, 0.0, 0.0];[[-1.9285199743, 1.9285199743, 0.0], [0.0, -1.9285199743, 1.9285199743], [0.0, 0.0, -1.9285199743]]
27;573;145.0;62.11224;[1.0, 0.0, 0.0];[[-1.849710549, 1.849710549, 0.0], [0.0, -1.849710549, 1.849710549], [0.0, 0.0, -1.849710549]]
28;574;145.0;62.11224;[1.0, 0.0, 0.0];[[-1.8241704828, 1.8241704828, 0.0], [0.0, -1.8241704828, 1.8241704828], [0.0, 0.0, -1.8241704828]]
29;575;145.0;62.11224;[1.0, 0.0, 0.0];[[-1.8039349128, 1.8039349128, 0.0], [0.0, -1.8039349128, 1.8039349128], [0.0, 0.0, -1.8039349128]]
30;576;145.0;62.11224;[1.0, 0.0, 0.0];[[-1.8930262277, 1.8930262277, 0.0], [0.0, -1.8930262277, 1.8930262277], [0.0, 0.0, -1.8930262277]]
31;577;145.0;62.11224;[1.0, 0.0, 0.0];[[-1.8766336177, 1.8766336177, 0.0], [0.0, -1.8766336177, 1.8766336177], [0.0, 0.0, -1.8766336177]]
32;578;145.0;62.11224;[1.0, 0.0, 0.0];[[-1.9153096633, 1.9153096633, 0.0], [0.0, -1.9153096633, 1.9153096633], [0.0, 0.0, -1.9153096633]]
33;579;145.0;62.11224;[1.0, 0.0, 0.0];[[-1.8090028588, 1.8090028588, 0.0], [0.0, -1.8090028588, 1.8090028588], [0.0, 0.0, -1.8090028588]]
34;580;145.0;62.11224;[1.0, 0.0, 0.0];[[-1.2375520454, 1.2375520454, 0.0], [0.0, -1.2375520454, 0.0], [0.0, 0.0, -0.6385807274]]
35;581;145.0;62.11224;[1.0, 0.0, 0.0];[[-1.9235896216, 1.9235896216, 0.0], [0.0, -1.9235896216, 1.9235896216], [0.0, 0.0, -1.9235896216]]
36;582;145.0;62.11224;[1.0, 0.0, 0.0];[[-1.8302858363, 1.8302858363, 0.0], [0.0, -1.8302858363, 1.8302858363], [0.0, 0.0, -1.8302858363]]
37;583;145.0;62.11224;[1.0, 0.0, 0.0];[[-1.888500762, 1.888500762, 0.0], [0.0, -1.888500762, 1.888500762], [0.0, 0.0, -1.888500762]]
38;584;145.0;62.11224;[1.0, 0.0, 0.0];[[-1.8328493113, 1.8328493113, 0.0], [0.0, -1.8328493113, 1.8328493113], [0.0, 0.0, -1.8328493113]]
39;585;145.0;62.11224;[1.0, 0.0, 0.0];[[-1.9115328684, 1.9115328684, 0.0], [0.0, -1.9115328684, 1.9115328684], [0.0, 0.0, -1.9115328684]]
40;586;145.0;62.11224;[1.0, 0.0, 0.0];[[-1.8882127207, 1.8882127207, 0.0], [0.0, -1.8882127207, 1.8882127207], [0.0, 0.0, -1.8882127207]]
41;587;145.0;62.11224;[1.0, 0.0, 0.0];[[-1.8138701733, 1.8138701733, 0.0], [0.0, -1.8138701733, 1.8138701733], [0.0, 0.0, -1.8138701733]]
42;588;145.0;62.11224;[1.0, 0.0, 0.0];[[-1.9492016527, 1.9492016527, 0.0], [0.0, -1.9492016527, 1.9492016527], [0.0, 0.0, -1.9492016527]]
43;589;145.0;62.11224;[1.0, 0.0, 0.0];[[-1.8830728692, 1.8830728692, 0.0], [0.0, -1.8830728692, 1.8830728692], [0.0, 0.0, -1.8830728692]]
44;590;145.0;62.11224;[1.0, 0.0, 0.0];[[-1.8333416799, 1.8333416799, 0.0], [0.0, -1.8333416799, 1.8333416799], [0.0, 0.0, -1.8333416799]]
45;591;145.0;62.11224;[1.0, 0.0, 0.0];[[-1.774575231, 1.774575231, 0.0], [0.0, -1.774575231, 1.774575231], [0.0, 0.0, -1.774575231]]
46;592;145.0;62.11224;[1.0, 0.0, 0.0];[[-1.7766817277, 1.7766817277, 0.0], [0.0, -1.7766817277, 1.7766817277], [0.0, 0.0, -1.7766817277]]
47;593;145.0;62.11224;[1.0, 0.0, 0.0];[[-1.8247333876, 1.8247333876, 0.0], [0.0, -1.8247333876, 1.8247333876], [0.0, 0.0, -1.8247333876]]
48;594;145.0;62.11224;[1.0, 0.0, 0.0];[[-1.7575990625, 1.7575990625, 0.0], [0.0, -1.7575990625, 1.7575990625], [0.0, 0.0, -1.7575990625]]
49;595;145.0;62.11224;[1.0, 0.0, 0.0];[[-1.9526914959, 1.9526914959, 0.0], [0.0, -1.9526914959, 1.9526914959], [0.0, 0.0, -1.9526914959]]
50;596;145.0;62.11224;[1.0, 0.0, 0.0];[[-1.8333683448, 1.8333683448, 0.0], [0.0, -1.8333683448, 1.8333683448], [0.0, 0.0, -1.8333683448]]
51;597;145.0;62.11224;[1.0, 0.0, 0.0];[[-1.864186107, 1.864186107, 0.0], [0.0, -1.864186107, 1.864186107], [0.0, 0.0, -1.864186107]]
52;598;145.0;62.11224;[1.0, 0.0, 0.0];[[-1.7992115786, 1.7992115786, 0.0], [0.0, -1.7992115786, 1.7992115786], [0.0, 0.0, -1.7992115786]]
53;599;145.0;62.11224;[1.0, 0.0, 0.0];[[-1.830029507, 1.830029507, 0.0], [0.0, -1.830029507, 1.830029507], [0.0, 0.0, -1.830029507]]
54;600;145.0;62.11224;[1.0, 0.0, 0.0];[[-1.7914209034, 1.7914209034, 0.0], [0.0, -1.7914209034, 1.7914209034], [0.0, 0.0, -1.7914209034]]
55;601;145.0;62.11224;[1.0, 0.0, 0.0];[[-1.7878158797, 1.7878158797, 0.0], [0.0, -1.7878158797, 1.7878158797], [0.0, 0.0, -1.7878158797]]
56;602;145.0;62.11224;[1.0, 0.0, 0.0];[[-1.8545946549, 1.8545946549, 0.0], [0.0, -1.8545946549, 1.8545946549], [0.0, 0.0, -1.8545946549]]
57;603;145.0;62.11224;[1.0, 0.0, 0.0];[[-1.2507192625, 1.2507192625, 0.0], [0.0, -1.2507192625, 0.0], [0.0, 0.0, -0.6376931788]]
58;604;145.0;62.11224;[1.0, 0.0, 0.0];[[-1.8319546128, 1.8319546128, 0.0], [0.0, -1.8319546128, 1.8319546128], [0.0, 0.0, -1.8319546128]]
59;605;145.0;62.11224;[1.0, 0.0, 0.0];[[-1.7868849205, 1.7868849205, 0.0], [0.0, -1.7868849205, 1.7868849205], [0.0, 0.0, -1.7868849205]]
60;606;145.0;62.11224;[1.0, 0.0, 0.0];[[-1.8292595485, 1.8292595485, 0.0], [0.0, -1.8292595485, 1.8292595485], [0.0, 0.0, -1.8292595485]]
61;607;145.0;62.11224;[1.0, 0.0, 0.0];[[-1.8923554816, 1.8923554816, 0.0], [0.0, -1.8923554816, 1.8923554816], [0.0, 0.0, -1.8923554816]]
62;608;145.0;62.11224;[1.0, 0.0, 0.0];[[-1.8170097712, 1.8170097712, 0.0], [0.0, -1.8170097712, 1.8170097712], [0.0, 0.0, -1.8170097712]]
63;609;145.0;62.11224;[1.0, 0.0, 0.0];[[-1.8329594413, 1.8329594413, 0.0], [0.0, -1.8329594413, 1.8329594413], [0.0, 0.0, -1.8329594413]]
64;610;145.0;62.11224;[1.0, 0.0, 0.0];[[-1.7903264599, 1.7903264599, 0.0], [0.0, -1.7903264599, 1.7903264599], [0.0, 0.0, -1.7903264599]]
65;611;145.0;62.11224;[1.0, 0.0, 0.0];[[-1.8512829171, 1.8512829171, 0.0], [0.0, -1.8512829171, 1.8512829171], [0.0, 0.0, -1.8512829171]]
66;612;145.0;62.11224;[1.0, 0.0, 0.0];[[-1.2201868443, 1.2201868443, 0.0], [0.0, -1.2201868443, 0.0], [0.0, 0.0, -0.6195767819]]
67;613;145.0;62.11224;[1.0, 0.0, 0.0];[[-1.8948007395, 1.8948007395, 0.0], [0.0, -1.8948007395, 1.8948007395], [0.0, 0.0, -1.8948007395]]
68;614;145.0;62.11224;[1.0, 0.0, 0.0];[[-1.8851818871, 1.8851818871, 0.0], [0.0, -1.8851818871, 1.8851818871], [0.0, 0.0, -1.8851818871]]
69;615;145.0;62.11224;[1.0, 0.0, 0.0];[[-1.8082374413, 1.8082374413, 0.0], [0.0, -1.8082374413, 1.8082374413], [0.0, 0.0, -1.8082374413]]
70;616;145.0;62.11224;[1.0, 0.0, 0.0];[[-1.8384922608, 1.8384922608, 0.0], [0.0, -1.8384922608, 1.8384922608], [0.0, 0.0, -1.8384922608]]
71;617;145.0;62.11224;[1.0, 0.0, 0.0];[[-1.8425977061, 1.8425977061, 0.0], [0.0, -1.8425977061, 1.8425977061], [0.0, 0.0, -1.8425977061]]
72;618;145.0;62.11224;[1.0, 0.0, 0.0];[[-1.8239047885, 1.8239047885, 0.0], [0.0, -1.8239047885, 1.8239047885], [0.0, 0.0, -1.8239047885]]
73;619;145.0;62.11224;[1.0, 0.0, 0.0];[[-1.2541097444, 1.2541097444, 0.0], [0.0, -1.2541097444, 0.0], [0.0, 0.0, -0.6337707949]]
74;620;145.0;62.11224;[1.0, 0.0, 0.0];[[-1.836740761, 1.836740761, 0.0], [0.0, -1.836740761, 1.836740761], [0.0, 0.0, -1.836740761]]
75;621;145.0;62.11224;[1.0, 0.0, 0.0];[[-1.8396375471, 1.8396375471, 0.0], [0.0, -1.8396375471, 1.8396375471], [0.0, 0.0, -1.8396375471]]
76;622;145.0;62.11224;[1.0, 0.0, 0.0];[[-1.9320498931, 1.9320498931, 0.0], [0.0, -1.9320498931, 1.9320498931], [0.0, 0.0, -1.9320498931]]
77;623;145.0;62.11224;[1.0, 0.0, 0.0];[[-1.8441681099, 1.8441681099, 0.0], [0.0, -1.8441681099, 1.8441681099], [0.0, 0.0, -1.8441681099]]
78;624;145.0;62.11224;[1.0, 0.0, 0.0];[[-1.1999378481, 1.1999378481, 0.0], [0.0, -1.1999378481, 0.0], [0.0, 0.0, -0.7732931103]]
79;625;145.0;62.11224;[1.0, 0.0, 0.0];[[-1.8069310986, 1.8069310986, 0.0], [0.0, -1.8069310986, 1.8069310986], [0.0, 0.0, -1.8069310986]]
80;626;145.0;62.11224;[1.0, 0.0, 0.0];[[-1.8581306537, 1.8581306537, 0.0], [0.0, -1.8581306537, 1.8581306537], [0.0, 0.0, -1.8581306537]]
81;627;145.0;62.11224;[1.0, 0.0, 0.0];[[-1.2416058278, 1.2416058278, 0.0], [0.0, -1.2416058278, 0.0], [0.0, 0.0, -0.6278786384]]
82;628;145.0;62.11224;[1.0, 0.0, 0.0];[[-1.8265154588, 1.8265154588, 0.0], [0.0, -1.8265154588, 1.8265154588], [0.0, 0.0, -1.8265154588]]
83;629;145.0;62.11224;[1.0, 0.0, 0.0];[[-1.8524904225, 1.8524904225, 0.0], [0.0, -1.8524904225, 1.8524904225], [0.0, 0.0, -1.8524904225]]
84;630;145.0;62.11224;[1.0, 0.0, 0.0];[[-1.8168055488, 1.8168055488, 0.0], [0.0, -1.8168055488, 1.8168055488], [0.0, 0.0, -1.8168055488]]
85;631;145.0;62.11224;[1.0, 0.0, 0.0];[[-1.880594864, 1.880594864, 0.0], [0.0, -1.880594864, 1.880594864], [0.0, 0.0, -1.880594864]]
86;632;145.0;62.11224;[1.0, 0.0, 0.0];[[-1.2359195096, 1.2359195096, 0.0], [0.0, -1.2359195096, 0.0], [0.0, 0.0, -0.6382512414]]
87;633;145.0;62.11224;[1.0, 0.0, 0.0];[[-1.7955794405, 1.7955794405, 0.0], [0.0, -1.7955794405, 1.7955794405], [0.0, 0.0, -1.7955794405]]
88;634;145.0;62.11224;[1.0, 0.0, 0.0];[[-1.8181790818, 1.8181790818, 0.0], [0.0, -1.8181790818, 1.8181790818], [0.0, 0.0, -1.8181790818]]
89;635;145.0;62.11224;[1.0, 0.0, 0.0];[[-1.8000308053, 1.8000308053, 0.0], [0.0, -1.8000308053, 1.8000308053], [0.0, 0.0, -1.8000308053]]
90;636;145.0;62.11224;[1.0, 0.0, 0.0];[[-1.8617869708, 1.8617869708, 0.0], [0.0, -1.8617869708, 1.8617869708], [0.0, 0.0, -1.8617869708]]
91;637;145.0;62.11224;[1.0, 0.0, 0.0];[[-1.858513403, 1.858513403, 0.0], [0.0, -1.858513403, 1.858513403], [0.0, 0.0, -1.858513403]]
92;638;145.0;62.11224;[1.0, 0.0, 0.0];[[-1.8519518861, 1.8519518861, 0.0], [0.0, -1.8519518861, 1.8519518861], [0.0, 0.0, -1.8519518861]]
93;639;145.0;62.11224;[1.0, 0.0, 0.0];[[-1.818502058, 1.818502058, 0.0], [0.0, -1.818502058, 1.818502058], [0.0, 0.0, -1.818502058]]
94;640;145.0;62.11224;[1.0, 0.0, 0.0];[[-1.9068443388, 1.9068443388, 0.0], [0.0, -1.9068443388, 1.9068443388], [0.0, 0.0, -1.9068443388]]
95;641;145.0;62.11224;[1.0, 0.0, 0.0];[[-1.8407761051, 1.8407761051, 0.0], [0.0, -1.8407761051, 1.8407761051], [0.0, 0.0, -1.8407761051]]
96;642;145.0;62.11224;[1.0, 0.0, 0.0];[[-1.7728518885, 1.7728518885, 0.0], [0.0, -1.7728518885, 1.7728518885], [0.0, 0.0, -1.7728518885]]
97;643;145.0;62.11224;[1.0, 0.0, 0.0];[[-1.8521497896, 1.8521497896, 0.0], [0.0, -1.8521497896, 1.8521497896], [0.0, 0.0, -1.8521497896]]
98;644;145.0;62.11224;[1.0, 0.0, 0.0];[[-1.861049787, 1.861049787, 0.0], [0.0, -1.861049787, 1.861049787], [0.0, 0.0, -1.861049787]]
99;645;145.0;62.11224;[1.0, 0.0, 0.0];[[-1.84241932, 1.84241932, 0.0], [0.0, -1.84241932, 1.84241932], [0.0, 0.0, -1.84241932]]
100;646;145.0;62.11224;[1.0, 0.0, 0.0];[[-1.2119485061, 1.2119485061, 0.0], [0.0, -1.2119485061, 0.0], [0.0, 0.0, -0.6219345549]]
101;647;145.0;62.11224;[1.0, 0.0, 0.0];[[-1.8128768585, 1.8128768585, 0.0], [0.0, -1.8128768585, 1.8128768585], [0.0, 0.0, -1.8128768585]]
102;648;145.0;62.11224;[1.0, 0.0, 0.0];[[-1.9069177851, 1.9069177851, 0.0], [0.0, -1.9069177851, 1.9069177851], [0.0, 0.0, -1.9069177851]]
103;649;145.0;62.11224;[1.0, 0.0, 0.0];[[-1.8260116787, 1.8260116787, 0.0], [0.0, -1.8260116787, 1.8260116787], [0.0, 0.0, -1.8260116787]]
104;650;145.0;62.11224;[1.0, 0.0, 0.0];[[-1.8620612197, 1.8620612197, 0.0], [0.0, -1.8620612197, 1.8620612197], [0.0, 0.0, -1.8620612197]]
105;651;145.0;62.11224;[1.0, 0.0, 0.0];[[-1.8417195258, 1.8417195258, 0.0], [0.0, -1.8417195258, 1.8417195258], [0.0, 0.0, -1.8417195258]]
106;652;145.0;62.11224;[1.0, 0.0, 0.0];[[-1.872283119, 1.872283119, 0.0], [0.0, -1.872283119, 1.872283119], [0.0, 0.0, -1.872283119]]
107;653;145.0;62.11224;[1.0, 0.0, 0.0];[[-1.8663083145, 1.8663083145, 0.0], [0.0, -1.8663083145, 1.8663083145], [0.0, 0.0, -1.8663083145]]
108;654;145.0;62.11224;[1.0, 0.0, 0.0];[[-1.8166854125, 1.8166854125, 0.0], [0.0, -1.8166854125, 1.8166854125], [0.0, 0.0, -1.8166854125]]
109;655;145.0;62.11224;[1.0, 0.0, 0.0];[[-1.7989185582, 1.7989185582, 0.0], [0.0, -1.7989185582, 1.7989185582], [0.0, 0.0, -1.7989185582]]
110;656;145.0;62.11224;[1.0, 0.0, 0.0];[[-1.8659125419, 1.8659125419, 0.0], [0.0, -1.8659125419, 1.8659125419], [0.0, 0.0, -1.8659125419]]
111;657;145.0;62.11224;[1.0, 0.0, 0.0];[[-1.9032147589, 1.9032147589, 0.0], [0.0, -1.9032147589, 1.9032147589], [0.0, 0.0, -1.9032147589]]
112;658;145.0;62.11224;[1.0, 0.0, 0.0];[[-1.8647507964, 1.8647507964, 0.0], [0.0, -1.8647507964, 1.8647507964], [0.0, 0.0, -1.8647507964]]
113;659;145.0;62.11224;[1.0, 0.0, 0.0];[[-1.7470943095, 1.7470943095, 0.0], [0.0, -1.7470943095, 1.7470943095], [0.0, 0.0, -1.7470943095]]
114;660;145.0;62.11224;[1.0, 0.0, 0.0];[[-1.8393838913, 1.8393838913, 0.0], [0.0, -1.8393838913, 1.8393838913], [0.0, 0.0, -1.8393838913]]
115;661;145.0;62.11224;[1.0, 0.0, 0.0];[[-1.7830607593, 1.7830607593, 0.0], [0.0, -1.7830607593, 1.7830607593], [0.0, 0.0, -1.7830607593]]
116;662;145.0;62.11224;[1.0, 0.0, 0.0];[[-1.8804904119, 1.8804904119, 0.0], [0.0, -1.8804904119, 1.8804904119], [0.0, 0.0, -1.8804904119]]
117;663;145.0;62.11224;[1.0, 0.0, 0.0];[[-1.8503818374, 1.8503818374, 0.0], [0.0, -1.8503818374, 1.8503818374], [0.0, 0.0, -1.8503818374]]
118;664;145.0;62.11224;[1.0, 0.0, 0.0];[[-1.8472011306, 1.8472011306, 0.0], [0.0, -1.8472011306, 1.8472011306], [0.0, 0.0, -1.8472011306]]
119;665;145.0;62.11224;[1.0, 0.0, 0.0];[[-1.7761905835, 1.7761905835, 0.0], [0.0, -1.7761905835, 1.7761905835], [0.0, 0.0, -1.7761905835]]
120;666;145.0;62.11224;[1.0, 0.0, 0.0];[[-1.7698752147, 1.7698752147, 0.0], [0.0, -1.7698752147, 1.7698752147], [0.0, 0.0, -1.7698752147]]
121;667;145.0;62.11224;[1.0, 0.0, 0.0];[[-1.861801549, 1.861801549, 0.0], [0.0, -1.861801549, 1.861801549], [0.0, 0.0, -1.861801549]]
122;668;145.0;62.11224;[1.0, 0.0, 0.0];[[-1.8143586678, 1.8143586678, 0.0], [0.0, -1.8143586678, 1.8143586678], [0.0, 0.0, -1.8143586678]]
123;669;145.0;62.11224;[1.0, 0.0, 0.0];[[-1.7947540844, 1.7947540844, 0.0], [0.0, -1.7947540844, 1.7947540844], [0.0, 0.0, -1.7947540844]]
124;670;145.0;62.11224;[1.0, 0.0, 0.0];[[-1.8212416893, 1.8212416893, 0.0], [0.0, -1.8212416893, 1.8212416893], [0.0, 0.0, -1.8212416893]]
125;671;145.0;62.11224;[1.0, 0.0, 0.0];[[-1.8743063483, 1.8743063483, 0.0], [0.0, -1.8743063483, 1.8743063483], [0.0, 0.0, -1.8743063483]]
126;672;145.0;62.11224;[1.0, 0.0, 0.0];[[-1.8627886039, 1.8627886039, 0.0], [0.0, -1.8627886039, 1.8627886039], [0.0, 0.0, -1.8627886039]]
127;673;145.0;62.11224;[1.0, 0.0, 0.0];[[-1.8329708594, 1.8329708594, 0.0], [0.0, -1.8329708594, 1.8329708594], [0.0, 0.0, -1.8329708594]]
128;674;145.0;62.11224;[1.0, 0.0, 0.0];[[-1.1782435443, 1.1782435443, 0.0], [0.0, -1.1782435443, 0.0], [0.0, 0.0, -0.6008185769]]
129;675;145.0;62.11224;[1.0, 0.0, 0.0];[[-1.8555889549, 1.8555889549, 0.0], [0.0, -1.8555889549, 1.8555889549], [0.0, 0.0, -1.8555889549]]
130;676;145.0;62.11224;[1.0, 0.0, 0.0];[[-1.8206110228, 1.8206110228, 0.0], [0.0, -1.8206110228, 1.8206110228], [0.0, 0.0, -1.8206110228]]
131;677;145.0;62.11224;[1.0, 0.0, 0.0];[[-1.845282402, 1.845282402, 0.0], [0.0, -1.845282402, 1.845282402], [0.0, 0.0, -1.845282402]]
132;678;145.0;62.11224;[1.0, 0.0, 0.0];[[-1.8434549782, 1.8434549782, 0.0], [0.0, -1.8434549782, 1.8434549782], [0.0, 0.0, -1.8434549782]]
133;679;145.0;62.11224;[1.0, 0.0, 0.0];[[-1.8119901133, 1.8119901133, 0.0], [0.0, -1.8119901133, 1.8119901133], [0.0, 0.0, -1.8119901133]]
134;680;145.0;62.11224;[1.0, 0.0, 0.0];[[-1.8071865588, 1.8071865588, 0.0], [0.0, -1.8071865588, 1.8071865588], [0.0, 0.0, -1.8071865588]]
135;681;145.0;62.11224;[1.0, 0.0, 0.0];[[-1.8523538285, 1.8523538285, 0.0], [0.0, -1.8523538285, 1.8523538285], [0.0, 0.0, -1.8523538285]]
136;682;145.0;62.11224;[1.0, 0.0, 0.0];[[-1.8071247366, 1.8071247366, 0.0], [0.0, -1.8071247366, 1.8071247366], [0.0, 0.0, -1.8071247366]]
137;683;145.0;62.11224;[1.0, 0.0, 0.0];[[-1.8493709764, 1.8493709764, 0.0], [0.0, -1.8493709764, 1.8493709764], [0.0, 0.0, -1.8493709764]]
138;684;145.0;62.11224;[1.0, 0.0, 0.0];[[-1.8908076087, 1.8908076087, 0.0], [0.0, -1.8908076087, 1.8908076087], [0.0, 0.0, -1.8908076087]]
139;685;145.0;62.11224;[1.0, 0.0, 0.0];[[-1.2945471202, 1.2945471202, 0.0], [0.0, -1.2945471202, 0.0], [0.0, 0.0, -0.6640964079]]
140;686;145.0;62.11224;[1.0, 0.0, 0.0];[[-1.7563493891, 1.7563493891, 0.0], [0.0, -1.7563493891, 1.7563493891], [0.0, 0.0, -1.7563493891]]
141;687;145.0;62.11224;[1.0, 0.0, 0.0];[[-1.7960163157, 1.7960163157, 0.0], [0.0, -1.7960163157, 1.7960163157], [0.0, 0.0, -1.7960163157]]
142;688;145.0;62.11224;[1.0, 0.0, 0.0];[[-1.821836416, 1.821836416, 0.0], [0.0, -1.821836416, 1.821836416], [0.0, 0.0, -1.821836416]]
143;689;145.0;62.11224;[1.0, 0.0, 0.0];[[-1.8304828304, 1.8304828304, 0.0], [0.0, -1.8304828304, 1.8304828304], [0.0, 0.0, -1.8304828304]]
144;690;145.0;62.11224;[1.0, 0.0, 0.0];[[-1.8641266289, 1.8641266289, 0.0], [0.0, -1.8641266289, 1.8641266289], [0.0, 0.0, -1.8641266289]]
145;691;145.0;62.11224;[1.0, 0.0, 0.0];[[-1.8820819236, 1.8820819236, 0.0], [0.0, -1.8820819236, 1.8820819236], [0.0, 0.0, -1.8820819236]]
146;692;145.0;62.11224;[1.0, 0.0, 0.0];[[-1.8071557612, 1.8071557612, 0.0], [0.0, -1.8071557612, 1.8071557612], [0.0, 0.0, -1.8071557612]]
147;693;145.0;62.11224;[1.0, 0.0, 0.0];[[-1.8719120841, 1.8719120841, 0.0], [0.0, -1.8719120841, 1.8719120841], [0.0, 0.0, -1.8719120841]]
148;694;145.0;62.11224;[1.0, 0.0, 0.0];[[-1.2192997058, 1.2192997058, 0.0], [0.0, -1.2192997058, 0.0], [0.0, 0.0, -0.6197112336]]
149;695;145.0;62.11224;[1.0, 0.0, 0.0];[[-1.8516757092, 1.8516757092, 0.0], [0.0, -1.8516757092, 1.8516757092], [0.0, 0.0, -1.8516757092]]
150;696;145.0;62.11224;[1.0, 0.0, 0.0];[[-1.8420318543, 1.8420318543, 0.0], [0.0, -1.8420318543, 1.8420318543], [0.0, 0.0, -1.8420318543]]
151;697;145.0;62.11224;[1.0, 0.0, 0.0];[[-1.1881879185, 1.1881879185, 0.0], [0.0, -1.1881879185, 0.0], [0.0, 0.0, -0.691574151]]
152;698;145.0;62.11224;[1.0, 0.0, 0.0];[[-1.8775704244, 1.8775704244, 0.0], [0.0, -1.8775704244, 1.8775704244], [0.0, 0.0, -1.8775704244]]
153;699;145.0;62.11224;[1.0, 0.0, 0.0];[[-1.8655091083, 1.8655091083, 0.0], [0.0, -1.8655091083, 1.8655091083], [0.0, 0.0, -1.8655091083]]
154;700;145.0;62.11224;[1.0, 0.0, 0.0];[[-1.8909690388, 1.8909690388, 0.0], [0.0, -1.8909690388, 1.8909690388], [0.0, 0.0, -1.8909690388]]
155;701;145.0;62.11224;[1.0, 0.0, 0.0];[[-1.7750857097, 1.7750857097, 0.0], [0.0, -1.7750857097, 1.7750857097], [0.0, 0.0, -1.7750857097]]
156;702;145.0;62.11224;[1.0, 0.0, 0.0];[[-1.8342821328, 1.8342821328, 0.0], [0.0, -1.8342821328, 1.8342821328], [0.0, 0.0, -1.8342821328]]
157;703;145.0;62.11224;[1.0, 0.0, 0.0];[[-1.833928222, 1.833928222, 0.0], [0.0, -1.833928222, 1.833928222], [0.0, 0.0, -1.833928222]]
158;704;145.0;62.11224;[1.0, 0.0, 0.0];[[-1.8669581266, 1.8669581266, 0.0], [0.0, -1.8669581266, 1.8669581266], [0.0, 0.0, -1.8669581266]]
159;705;145.0;62.11224;[1.0, 0.0, 0.0];[[-1.2515444214, 1.2515444214, 0.0], [0.0, -1.2515444214, 0.0], [0.0, 0.0, -0.6822488055]]
160;706;145.0;62.11224;[1.0, 0.0, 0.0];[[-1.8409381277, 1.8409381277, 0.0], [0.0, -1.8409381277, 1.8409381277], [0.0, 0.0, -1.8409381277]]
161;707;145.0;62.11224;[1.0, 0.0, 0.0];[[-1.8783031371, 1.8783031371, 0.0], [0.0, -1.8783031371, 1.8783031371], [0.0, 0.0, -1.8783031371]]
162;708;145.0;62.11224;[1.0, 0.0, 0.0];[[-1.8120076406, 1.8120076406, 0.0], [0.0, -1.8120076406, 1.8120076406], [0.0, 0.0, -1.8120076406]]
163;709;145.0;62.11224;[1.0, 0.0, 0.0];[[-1.8611924681, 1.8611924681, 0.0], [0.0, -1.8611924681, 1.8611924681], [0.0, 0.0, -1.8611924681]]
164;710;145.0;62.11224;[1.0, 0.0, 0.0];[[-1.8179763694, 1.8179763694, 0.0], [0.0, -1.8179763694, 1.8179763694], [0.0, 0.0, -1.8179763694]]
165;711;145.0;62.11224;[1.0, 0.0, 0.0];[[-1.8637264401, 1.8637264401, 0.0], [0.0, -1.8637264401, 1.8637264401], [0.0, 0.0, -1.8637264401]]
166;712;145.0;62.11224;[1.0, 0.0, 0.0];[[-1.8691913462, 1.8691913462, 0.0], [0.0, -1.8691913462, 1.8691913462], [0.0, 0.0, -1.8691913462]]
167;713;145.0;62.11224;[1.0, 0.0, 0.0];[[-1.935559612, 1.935559612, 0.0], [0.0, -1.935559612, 1.935559612], [0.0, 0.0, -1.935559612]]
168;714;145.0;62.11224;[1.0, 0.0, 0.0];[[-1.844750054, 1.844750054, 0.0], [0.0, -1.844750054, 1.844750054], [0.0, 0.0, -1.844750054]]
169;715;145.0;62.11224;[1.0, 0.0, 0.0];[[-1.8669186544, 1.8669186544, 0.0], [0.0, -1.8669186544, 1.8669186544], [0.0, 0.0, -1.8669186544]]
170;716;145.0;62.11224;[1.0, 0.0, 0.0];[[-1.8245478944, 1.8245478944, 0.0], [0.0, -1.8245478944, 1.8245478944], [0.0, 0.0, -1.8245478944]]
171;717;145.0;62.11224;[1.0, 0.0, 0.0];[[-1.8015462376, 1.8015462376, 0.0], [0.0, -1.8015462376, 1.8015462376], [0.0, 0.0, -1.8015462376]]
172;718;145.0;62.11224;[1.0, 0.0, 0.0];[[-1.9140073194, 1.9140073194, 0.0], [0.0, -1.9140073194, 1.9140073194], [0.0, 0.0, -1.9140073194]]
173;719;145.0;62.11224;[1.0, 0.0, 0.0];[[-1.9001267682, 1.9001267682, 0.0], [0.0, -1.9001267682, 1.9001267682], [0.0, 0.0, -1.9001267682]]
174;720;145.0;62.11224;[1.0, 0.0, 0.0];[[-1.8576666274, 1.8576666274, 0.0], [0.0, -1.8576666274, 1.8576666274], [0.0, 0.0, -1.8576666274]]
175;721;145.0;62.11224;[1.0, 0.0, 0.0];[[-1.835815771, 1.835815771, 0.0], [0.0, -1.835815771, 1.835815771], [0.0, 0.0, -1.835815771]]
176;722;145.0;62.11224;[1.0, 0.0, 0.0];[[-1.8148382061, 1.8148382061, 0.0], [0.0, -1.8148382061, 1.8148382061], [0.0, 0.0, -1.8148382061]]
177;723;145.0;62.11224;[1.0, 0.0, 0.0];[[-1.8379752683, 1.8379752683, 0.0], [0.0, -1.8379752683, 1.8379752683], [0.0, 0.0, -1.8379752683]]
178;724;145.0;62.11224;[1.0, 0.0, 0.0];[[-1.8780600039, 1.8780600039, 0.0], [0.0, -1.8780600039, 1.8780600039], [0.0, 0.0, -1.8780600039]]
179;725;145.0;62.11224;[1.0, 0.0, 0.0];[[-1.8683199326, 1.8683199326, 0.0], [0.0, -1.8683199326, 1.8683199326], [0.0, 0.0, -1.8683199326]]
180;726;145.0;62.11224;[1.0, 0.0, 0.0];[[-1.890384, 1.890384, 0.0], [0.0, -1.890384, 1.890384], [0.0, 0.0, -1.890384]]
181;727;145.0;62.11224;[1.0, 0.0, 0.0];[[-1.8599711056, 1.8599711056, 0.0], [0.0, -1.8599711056, 1.8599711056], [0.0, 0.0, -1.8599711056]]
182;728;145.0;62.11224;[1.0, 0.0, 0.0];[[-1.7661183494, 1.7661183494, 0.0], [0.0, -1.7661183494, 1.7661183494], [0.0, 0.0, -1.7661183494]]
183;729;145.0;62.11224;[1.0, 0.0, 0.0];[[-1.8166196334, 1.8166196334, 0.0], [0.0, -1.8166196334, 1.8166196334], [0.0, 0.0, -1.8166196334]]
184;730;145.0;62.11224;[1.0, 0.0, 0.0];[[-1.8852961295, 1.8852961295, 0.0], [0.0, -1.8852961295, 1.8852961295], [0.0, 0.0, -1.8852961295]]
185;731;145.0;62.11224;[1.0, 0.0, 0.0];[[-1.9000624866, 1.9000624866, 0.0], [0.0, -1.9000624866, 1.9000624866], [0.0, 0.0, -1.9000624866]]
186;732;145.0;62.11224;[1.0, 0.0, 0.0];[[-1.8588176617, 1.8588176617, 0.0], [0.0, -1.8588176617, 1.8588176617], [0.0, 0.0, -1.8588176617]]
187;733;145.0;62.11224;[1.0, 0.0, 0.0];[[-1.8660060429, 1.8660060429, 0.0], [0.0, -1.8660060429, 1.8660060429], [0.0, 0.0, -1.8660060429]]
188;734;145.0;62.11224;[1.0, 0.0, 0.0];[[-1.2014809181, 1.2014809181, 0.0], [0.0, -1.2014809181, 0.0], [0.0, 0.0, -0.6083949503]]
189;735;145.0;62.11224;[1.0, 0.0, 0.0];[[-1.2939621638, 1.2939621638, 0.0], [0.0, -1.2939621638, 0.0], [0.0, 0.0, -0.658610085]]
190;736;145.0;62.11224;[1.0, 0.0, 0.0];[[-1.7922074081, 1.7922074081, 0.0], [0.0, -1.7922074081, 1.7922074081], [0.0, 0.0, -1.7922074081]]
191;737;145.0;62.11224;[1.0, 0.0, 0.0];[[-1.7934466592, 1.7934466592, 0.0], [0.0, -1.7934466592, 1.7934466592], [0.0, 0.0, -1.7934466592]]
192;738;145.0;62.11224;[1.0, 0.0, 0.0];[[-1.7910465899, 1.7910465899, 0.0], [0.0, -1.7910465899, 1.7910465899], [0.0, 0.0, -1.7910465899]]
193;739;145.0;62.11224;[1.0, 0.0, 0.0];[[-1.8521081052, 1.8521081052, 0.0], [0.0, -1.8521081052, 1.8521081052], [0.0, 0.0, -1.8521081052]]
194;740;145.0;62.11224;[1.0, 0.0, 0.0];[[-1.8498528613, 1.8498528613, 0.0], [0.0, -1.8498528613, 1.8498528613], [0.0, 0.0, -1.8498528613]]
195;741;145.0;62.11224;[1.0, 0.0, 0.0];[[-1.9199541387, 1.9199541387, 0.0], [0.0, -1.9199541387, 1.9199541387], [0.0, 0.0, -1.9199541387]]
196;742;145.0;62.11224;[1.0, 0.0, 0.0];[[-1.8360837926, 1.8360837926, 0.0], [0.0, -1.8360837926, 1.8360837926], [0.0, 0.0, -1.8360837926]]
197;743;145.0;62.11224;[1.0, 0.0, 0.0];[[-1.8490517395, 1.8490517395, 0.0], [0.0, -1.8490517395, 1.8490517395], [0.0, 0.0, -1.8490517395]]
198;744;145.0;62.11224;[1.0, 0.0, 0.0];[[-1.8480530443, 1.8480530443, 0.0], [0.0, -1.8480530443, 1.8480530443], [0.0, 0.0, -1.8480530443]]
199;745;145.0;62.11224;[1.0, 0.0, 0.0];[[-1.9087027992, 1.9087027992, 0.0], [0.0, -1.9087027992, 1.9087027992], [0.0, 0.0, -1.9087027992]]
200;746;145.0;62.11224;[1.0, 0.0, 0.0];[[-1.8686049633, 1.8686049633, 0.0], [0.0, -1.8686049633, 1.8686049633], [0.0, 0.0, -1.8686049633]]
201;747;145.0;62.11224;[1.0, 0.0, 0.0];[[-1.2218802741, 1.2218802741, 0.0], [0.0, -1.2218802741, 0.0], [0.0, 0.0, -0.6160950225]]
202;748;145.0;62.11224;[1.0, 0.0, 0.0];[[-1.8815806566, 1.8815806566, 0.0], [0.0, -1.8815806566, 1.8815806566], [0.0, 0.0, -1.8815806566]]
203;749;145.0;62.11224;[1.0, 0.0, 0.0];[[-1.7896195821, 1.7896195821, 0.0], [0.0, -1.7896195821, 1.7896195821], [0.0, 0.0, -1.7896195821]]
204;750;145.0;62.11224;[1.0, 0.0, 0.0];[[-1.8813087076, 1.8813087076, 0.0], [0.0, -1.8813087076, 1.8813087076], [0.0, 0.0, -1.8813087076]]
205;751;145.0;62.11224;[1.0, 0.0, 0.0];[[-1.8232031016, 1.8232031016, 0.0], [0.0, -1.8232031016, 1.8232031016], [0.0, 0.0, -1.8232031016]]
206;752;145.0;62.11224;[1.0, 0.0, 0.0];[[-1.878257827, 1.878257827, 0.0], [0.0, -1.878257827, 1.878257827], [0.0, 0.0, -1.878257827]]
207;753;145.0;62.11224;[1.0, 0.0, 0.0];[[-1.816335941, 1.816335941, 0.0], [0.0, -1.816335941, 1.816335941], [0.0, 0.0, -1.816335941]]
208;754;145.0;62.11224;[1.0, 0.0, 0.0];[[-1.8970064795, 1.8970064795, 0.0], [0.0, -1.8970064795, 1.8970064795], [0.0, 0.0, -1.8970064795]]
209;755;145.0;62.11224;[1.0, 0.0, 0.0];[[-1.8699437595, 1.8699437595, 0.0], [0.0, -1.8699437595, 1.8699437595], [0.0, 0.0, -1.8699437595]]
210;756;145.0;62.11224;[1.0, 0.0, 0.0];[[-1.8684749625, 1.8684749625, 0.0], [0.0, -1.8684749625, 1.8684749625], [0.0, 0.0, -1.8684749625]]
211;757;145.0;62.11224;[1.0, 0.0, 0.0];[[-1.8600722506, 1.8600722506, 0.0], [0.0, -1.8600722506, 1.8600722506], [0.0, 0.0, -1.8600722506]]
212;758;145.0;62.11224;[1.0, 0.0, 0.0];[[-1.8984325537, 1.8984325537, 0.0], [0.0, -1.8984325537, 1.8984325537], [0.0, 0.0, -1.8984325537]]
213;759;145.0;62.11224;[1.0, 0.0, 0.0];[[-1.8614716883, 1.8614716883, 0.0], [0.0, -1.8614716883, 1.8614716883], [0.0, 0.0, -1.8614716883]]
214;760;145.0;62.11224;[1.0, 0.0, 0.0];[[-1.8353571486, 1.8353571486, 0.0], [0.0, -1.8353571486, 1.8353571486], [0.0, 0.0, -1.8353571486]]
215;761;145.0;62.11224;[1.0, 0.0, 0.0];[[-1.8142153004, 1.8142153004, 0.0], [0.0, -1.8142153004, 1.8142153004], [0.0, 0.0, -1.8142153004]]
216;762;145.0;62.11224;[1.0, 0.0, 0.0];[[-1.9078188762, 1.9078188762, 0.0], [0.0, -1.9078188762, 1.9078188762], [0.0, 0.0, -1.9078188762]]
217;763;145.0;62.11224;[1.0, 0.0, 0.0];[[-1.8174048804, 1.8174048804, 0.0], [0.0, -1.8174048804, 1.8174048804], [0.0, 0.0, -1.8174048804]]
218;764;145.0;62.11224;[1.0, 0.0, 0.0];[[-1.7881497275, 1.7881497275, 0.0], [0.0, -1.7881497275, 1.7881497275], [0.0, 0.0, -1.7881497275]]
219;765;145.0;62.11224;[1.0, 0.0, 0.0];[[-1.8247536986, 1.8247536986, 0.0], [0.0, -1.8247536986, 1.8247536986], [0.0, 0.0, -1.8247536986]]
220;766;145.0;62.11224;[1.0, 0.0, 0.0];[[-1.8016142571, 1.8016142571, 0.0], [0.0, -1.8016142571, 1.8016142571], [0.0, 0.0, -1.8016142571]]
221;767;145.0;62.11224;[1.0, 0.0, 0.0];[[-1.8429613405, 1.8429613405, 0.0], [0.0, -1.8429613405, 1.8429613405], [0.0, 0.0, -1.8429613405]]
222;768;145.0;62.11224;[1.0, 0.0, 0.0];[[-1.8537386123, 1.8537386123, 0.0], [0.0, -1.8537386123, 1.8537386123], [0.0, 0.0, -1.8537386123]]
223;769;145.0;62.11224;[1.0, 0.0, 0.0];[[-1.8724843907, 1.8724843907, 0.0], [0.0, -1.8724843907, 1.8724843907], [0.0, 0.0, -1.8724843907]]
224;770;145.0;62.11224;[1.0, 0.0, 0.0];[[-1.8029888271, 1.8029888271, 0.0], [0.0, -1.8029888271, 1.8029888271], [0.0, 0.0, -1.8029888271]]
225;771;145.0;62.11224;[1.0, 0.0, 0.0];[[-1.84398119, 1.84398119, 0.0], [0.0, -1.84398119, 1.84398119], [0.0, 0.0, -1.84398119]]
226;772;145.0;62.11224;[1.0, 0.0, 0.0];[[-1.8556774799, 1.8556774799, 0.0], [0.0, -1.8556774799, 1.8556774799], [0.0, 0.0, -1.8556774799]]
227;773;145.0;62.11224;[1.0, 0.0, 0.0];[[-1.8376891139, 1.8376891139, 0.0], [0.0, -1.8376891139, 1.8376891139], [0.0, 0.0, -1.8376891139]]
228;774;145.0;62.11224;[1.0, 0.0, 0.0];[[-1.7287533299, 1.7287533299, 0.0], [0.0, -1.7287533299, 1.7287533299], [0.0, 0.0, -1.7287533299]]
229;775;145.0;62.11224;[1.0, 0.0, 0.0];[[-1.8631709766, 1.8631709766, 0.0], [0.0, -1.8631709766, 1.8631709766], [0.0, 0.0, -1.8631709766]]
230;776;145.0;62.11224;[1.0, 0.0, 0.0];[[-1.8765803916, 1.8765803916, 0.0], [0.0, -1.8765803916, 1.8765803916], [0.0, 0.0, -1.8765803916]]
231;777;145.0;62.11224;[1.0, 0.0, 0.0];[[-1.9092280792, 1.9092280792, 0.0], [0.0, -1.9092280792, 1.9092280792], [0.0, 0.0, -1.9092280792]]
232;778;145.0;62.11224;[1.0, 0.0, 0.0];[[-1.8320355197, 1.8320355197, 0.0], [0.0, -1.8320355197, 1.8320355197], [0.0, 0.0, -1.8320355197]]
233;779;145.0;62.11224;[1.0, 0.0, 0.0];[[-1.8436521011, 1.8436521011, 0.0], [0.0, -1.8436521011, 1.8436521011], [0.0, 0.0, -1.8436521011]]
234;780;145.0;62.11224;[1.0, 0.0, 0.0];[[-1.9528029869, 1.9528029869, 0.0], [0.0, -1.9528029869, 1.9528029869], [0.0, 0.0, -1.9528029869]]
235;781;145.0;62.11224;[1.0, 0.0, 0.0];[[-1.2395902238, 1.2395902238, 0.0], [0.0, -1.2395902238, 0.0], [0.0, 0.0, -0.633486068]]
236;782;145.0;62.11224;[1.0, 0.0, 0.0];[[-1.8558359004, 1.8558359004, 0.0], [0.0, -1.8558359004, 1.8558359004], [0.0, 0.0, -1.8558359004]]
237;783;145.0;62.11224;[1.0, 0.0, 0.0];[[-1.8010663497, 1.8010663497, 0.0], [0.0, -1.8010663497, 1.8010663497], [0.0, 0.0, -1.8010663497]]
238;784;145.0;62.11224;[1.0, 0.0, 0.0];[[-1.8717410059, 1.8717410059, 0.0], [0.0, -1.8717410059, 1.8717410059], [0.0, 0.0, -1.8717410059]]
239;785;145.0;62.11224;[1.0, 0.0, 0.0];[[-1.8362260857, 1.8362260857, 0.0], [0.0, -1.8362260857, 1.8362260857], [0.0, 0.0, -1.8362260857]]
240;786;145.0;62.11224;[1.0, 0.0, 0.0];[[-1.8049489811, 1.8049489811, 0.0], [0.0, -1.8049489811, 1.8049489811], [0.0, 0.0, -1.8049489811]]
241;787;145.0;62.11224;[1.0, 0.0, 0.0];[[-1.8690715547, 1.8690715547, 0.0], [0.0, -1.8690715547, 1.8690715547], [0.0, 0.0, -1.8690715547]]
242;788;145.0;62.11224;[1.0, 0.0, 0.0];[[-1.8214096141, 1.8214096141, 0.0], [0.0, -1.8214096141, 1.8214096141], [0.0, 0.0, -1.8214096141]]
243;789;145.0;62.11224;[1.0, 0.0, 0.0];[[-1.7719198052, 1.7719198052, 0.0], [0.0, -1.7719198052, 1.7719198052], [0.0, 0.0, -1.7719198052]]
244;790;145.0;62.11224;[1.0, 0.0, 0.0];[[-1.2050965575, 1.2050965575, 0.0], [0.0, -1.2050965575, 0.0], [0.0, 0.0, -0.6142816713]]
245;791;145.0;62.11224;[1.0, 0.0, 0.0];[[-1.9006879268, 1.9006879268, 0.0], [0.0, -1.9006879268, 1.9006879268], [0.0, 0.0, -1.9006879268]]
246;792;145.0;62.11224;[1.0, 0.0, 0.0];[[-1.8204752991, 1.8204752991, 0.0], [0.0, -1.8204752991, 1.8204752991], [0.0, 0.0, -1.8204752991]]
247;793;145.0;62.11224;[1.0, 0.0, 0.0];[[-1.788302551, 1.788302551, 0.0], [0.0, -1.788302551, 1.788302551], [0.0, 0.0, -1.788302551]]
248;794;145.0;62.11224;[1.0, 0.0, 0.0];[[-1.8606446324, 1.8606446324, 0.0], [0.0, -1.8606446324, 1.8606446324], [0.0, 0.0, -1.8606446324]]
249;795;145.0;62.11224;[1.0, 0.0, 0.0];[[-1.7703900753, 1.7703900753, 0.0], [0.0, -1.7703900753, 1.7703900753], [0.0, 0.0, -1.7703900753]]
250;796;145.0;62.11224;[1.0, 0.0, 0.0];[[-1.8231562278, 1.8231562278, 0.0], [0.0, -1.8231562278, 1.8231562278], [0.0, 0.0, -1.8231562278]]
251;797;145.0;62.11224;[1.0, 0.0, 0.0];[[-1.8514844156, 1.8514844156, 0.0], [0.0, -1.8514844156, 1.8514844156], [0.0, 0.0, -1.8514844156]]
252;798;145.0;62.11224;[1.0, 0.0, 0.0];[[-1.8340998708, 1.8340998708, 0.0], [0.0, -1.8340998708, 1.8340998708], [0.0, 0.0, -1.8340998708]]
253;799;145.0;62.11224;[1.0, 0.0, 0.0];[[-1.8279585146, 1.8279585146, 0.0], [0.0, -1.8279585146, 1.8279585146], [0.0, 0.0, -1.8279585146]]
254;800;145.0;62.11224;[1.0, 0.0, 0.0];[[-1.7558583658, 1.7558583658, 0.0], [0.0, -1.7558583658, 1.7558583658], [0.0, 0.0, -1.7558583658]]
255;801;145.0;62.11224;[1.0, 0.0, 0.0];[[-1.8627025013, 1.8627025013, 0.0], [0.0, -1.8627025013, 1.8627025013], [0.0, 0.0, -1.8627025013]]
256;802;145.0;62.11224;[1.0, 0.0, 0.0];[[-1.8391079999, 1.8391079999, 0.0], [0.0, -1.8391079999, 1.8391079999], [0.0, 0.0, -1.8391079999]]
257;803;145.0;62.11224;[1.0, 0.0, 0.0];[[-1.8035169636, 1.8035169636, 0.0], [0.0, -1.8035169636, 1.8035169636], [0.0, 0.0, -1.8035169636]]
258;804;145.0;62.11224;[1.0, 0.0, 0.0];[[-1.8291338617, 1.8291338617, 0.0], [0.0, -1.8291338617, 1.8291338617], [0.0, 0.0, -1.8291338617]]
259;805;145.0;62.11224;[1.0, 0.0, 0.0];[[-1.8235630208, 1.8235630208, 0.0], [0.0, -1.8235630208, 1.8235630208], [0.0, 0.0, -1.8235630208]]
260;806;145.0;62.11224;[1.0, 0.0, 0.0];[[-1.8298052173, 1.8298052173, 0.0], [0.0, -1.8298052173, 1.8298052173], [0.0, 0.0, -1.8298052173]]
261;807;145.0;62.11224;[1.0, 0.0, 0.0];[[-1.8890676985, 1.8890676985, 0.0], [0.0, -1.8890676985, 1.8890676985], [0.0, 0.0, -1.8890676985]]
262;808;145.0;62.11224;[1.0, 0.0, 0.0];[[-1.9188828681, 1.9188828681, 0.0], [0.0, -1.9188828681, 1.9188828681], [0.0, 0.0, -1.9188828681]]
263;809;145.0;62.11224;[1.0, 0.0, 0.0];[[-1.8646621318, 1.8646621318, 0.0], [0.0, -1.8646621318, 1.8646621318], [0.0, 0.0, -1.8646621318]]
264;810;145.0;62.11224;[1.0, 0.0, 0.0];[[-1.8471938394, 1.8471938394, 0.0], [0.0, -1.8471938394, 1.8471938394], [0.0, 0.0, -1.8471938394]]
265;811;145.0;62.11224;[1.0, 0.0, 0.0];[[-1.8062587327, 1.8062587327, 0.0], [0.0, -1.8062587327, 1.8062587327], [0.0, 0.0, -1.8062587327]]
266;812;145.0;62.11224;[1.0, 0.0, 0.0];[[-1.8430003953, 1.8430003953, 0.0], [0.0, -1.8430003953, 1.8430003953], [0.0, 0.0, -1.8430003953]]
267;813;145.0;62.11224;[1.0, 0.0, 0.0];[[-1.8406261526, 1.8406261526, 0.0], [0.0, -1.8406261526, 1.8406261526], [0.0, 0.0, -1.8406261526]]
268;814;145.0;62.11224;[0.9949748744, 0.0, 0.0];[[-1.171813883, 1.171813883, 0.0], [0.0, -1.171813883, 0.0], [0.0, 0.0, -0.5941151986]]
269;815;145.0;62.11224;[1.0, 0.0, 0.0];[[-1.8985006555, 1.8985006555, 0.0], [0.0, -1.8985006555, 1.8985006555], [0.0, 0.0, -1.8985006555]]
270;816;145.0;62.11224;[1.0, 0.0, 0.0];[[-1.8477261054, 1.8477261054, 0.0], [0.0, -1.8477261054, 1.8477261054], [0.0, 0.0, -1.8477261054]]
271;817;145.0;62.11224;[1.0, 0.0, 0.0];[[-1.9276020421, 1.9276020421, 0.0], [0.0, -1.9276020421, 1.9276020421], [0.0, 0.0, -1.9276020421]]
272;818;145.0;62.11224;[1.0, 0.0, 0.0];[[-1.8594700481, 1.8594700481, 0.0], [0.0, -1.8594700481, 1.8594700481], [0.0, 0.0, -1.8594700481]]
273;819;145.0;62.11224;[1.0, 0.0, 0.0];[[-1.8220293403, 1.8220293403, 0.0], [0.0, -1.8220293403, 1.8220293403], [0.0, 0.0, -1.8220293403]]
274;820;145.0;62.11224;[1.0, 0.0, 0.0];[[-1.8591542994, 1.8591542994, 0.0], [0.0, -1.8591542994, 1.8591542994], [0.0, 0.0, -1.8591542994]]
275;821;145.0;62.11224;[1.0, 0.0, 0.0];[[-1.8239646403, 1.8239646403, 0.0], [0.0, -1.8239646403, 1.8239646403], [0.0, 0.0, -1.8239646403]]
276;822;145.0;62.11224;[1.0, 0.0, 0.0];[[-1.7991446949, 1.7991446949, 0.0], [0.0, -1.7991446949, 1.7991446949], [0.0, 0.0, -1.7991446949]]
277;823;145.0;62.11224;[1.0, 0.0, 0.0];[[-1.8507059541, 1.8507059541, 0.0], [0.0, -1.8507059541, 1.8507059541], [0.0, 0.0, -1.8507059541]]
278;824;145.0;62.11224;[1.0, 0.0, 0.0];[[-1.8182661639, 1.8182661639, 0.0], [0.0, -1.8182661639, 1.8182661639], [0.0, 0.0, -1.8182661639]]
279;825;145.0;62.11224;[1.0, 0.0, 0.0];[[-1.7598019286, 1.7598019286, 0.0], [0.0, -1.7598019286, 1.7598019286], [0.0, 0.0, -1.7598019286]]
280;826;145.0;62.11224;[1.0, 0.0, 0.0];[[-1.788344566, 1.788344566, 0.0], [0.0, -1.788344566, 1.788344566], [0.0, 0.0, -1.788344566]]
281;827;145.0;62.11224;[1.0, 0.0, 0.0];[[-1.8384973532, 1.8384973532, 0.0], [0.0, -1.8384973532, 1.8384973532], [0.0, 0.0, -1.8384973532]]
282;828;145.0;62.11224;[1.0, 0.0, 0.0];[[-1.8281816695, 1.8281816695, 0.0], [0.0, -1.8281816695, 1.8281816695], [0.0, 0.0, -1.8281816695]]
283;829;145.0;62.11224;[1.0, 0.0, 0.0];[[-1.8214144306, 1.8214144306, 0.0], [0.0, -1.8214144306, 1.8214144306], [0.0, 0.0, -1.8214144306]]
284;830;145.0;62.11224;[1.0, 0.0, 0.0];[[-1.7747988319, 1.7747988319, 0.0], [0.0, -1.7747988319, 1.7747988319], [0.0, 0.0, -1.7747988319]]
285;831;145.0;62.11224;[1.0, 0.0, 0.0];[[-1.8735764429, 1.8735764429, 0.0], [0.0, -1.8735764429, 1.8735764429], [0.0, 0.0, -1.8735764429]]
286;832;145.0;62.11224;[1.0, 0.0, 0.0];[[-1.8425894508, 1.8425894508, 0.0], [0.0, -1.8425894508, 1.8425894508], [0.0, 0.0, -1.8425894508]]
287;833;145.0;62.11224;[1.0, 0.0, 0.0];[[-1.8514716195, 1.8514716195, 0.0], [0.0, -1.8514716195, 1.8514716195], [0.0, 0.0, -1.8514716195]]
288;834;145.0;62.11224;[1.0, 0.0, 0.0];[[-1.7820746563, 1.7820746563, 0.0], [0.0, -1.7820746563, 1.7820746563], [0.0, 0.0, -1.7820746563]]
289;835;145.0;62.11224;[1.0, 0.0, 0.0];[[-1.8882097258, 1.8882097258, 0.0], [0.0, -1.8882097258, 1.8882097258], [0.0, 0.0, -1.8882097258]]
290;836;145.0;62.11224;[1.0, 0.0, 0.0];[[-1.8537760511, 1.8537760511, 0.0], [0.0, -1.8537760511, 1.8537760511], [0.0, 0.0, -1.8537760511]]
291;837;145.0;62.11224;[1.0, 0.0, 0.0];[[-1.8616655127, 1.8616655127, 0.0], [0.0, -1.8616655127, 1.8616655127], [0.0, 0.0, -1.8616655127]]
292;838;145.0;62.11224;[1.0, 0.0, 0.0];[[-1.8318912268, 1.8318912268, 0.0], [0.0, -1.8318912268, 1.8318912268], [0.0, 0.0, -1.8318912268]]
293;839;145.0;62.11224;[1.0, 0.0, 0.0];[[-1.8922335497, 1.8922335497, 0.0], [0.0, -1.8922335497, 1.8922335497], [0.0, 0.0, -1.8922335497]]
294;840;145.0;62.11224;[1.0, 0.0, 0.0];[[-1.8435170193, 1.8435170193, 0.0], [0.0, -1.8435170193, 1.8435170193], [0.0, 0.0, -1.8435170193]]
295;841;145.0;62.11224;[1.0, 0.0, 0.0];[[-1.810288281, 1.810288281, 0.0], [0.0, -1.810288281, 1.810288281], [0.0, 0.0, -1.810288281]]
296;842;145.0;62.11224;[1.0, 0.0, 0.0];[[-1.8795175864, 1.8795175864, 0.0], [0.0, -1.8795175864, 1.8795175864], [0.0, 0.0, -1.8795175864]]
297;843;145.0;62.11224;[1.0, 0.0, 0.0];[[-1.8285698341, 1.8285698341, 0.0], [0.0, -1.8285698341, 1.8285698341], [0.0, 0.0, -1.8285698341]]
298;844;145.0;62.11224;[1.0, 0.0, 0.0];[[-1.8494188967, 1.8494188967, 0.0], [0.0, -1.8494188967, 1.8494188967], [0.0, 0.0, -1.8494188967]]
299;845;145.0;62.11224;[1.0, 0.0, 0.0];[[-1.8186009355, 1.8186009355, 0.0], [0.0, -1.8186009355, 1.8186009355], [0.0, 0.0, -1.8186009355]]
300;846;145.0;62.11224;[1.0, 0.0, 0.0];[[-1.8455636279, 1.8455636279, 0.0], [0.0, -1.8455636279, 1.8455636279], [0.0, 0.0, -1.8455636279]]
301;847;145.0;62.11224;[1.0, 0.0, 0.0];[[-1.7958583683, 1.7958583683, 0.0], [0.0, -1.7958583683, 1.7958583683], [0.0, 0.0, -1.7958583683]]
302;848;145.0;62.11224;[1.0, 0.0, 0.0];[[-1.8786161595, 1.8786161595, 0.0], [0.0, -1.8786161595, 1.8786161595], [0.0, 0.0, -1.8786161595]]
303;849;145.0;62.11224;[1.0, 0.0, 0.0];[[-1.8514099126, 1.8514099126, 0.0], [0.0, -1.8514099126, 1.8514099126], [0.0, 0.0, -1.8514099126]]
304;850;145.0;62.11224;[1.0, 0.0, 0.0];[[-1.7555896067, 1.7555896067, 0.0], [0.0, -1.7555896067, 1.7555896067], [0.0, 0.0, -1.7555896067]]
305;851;145.0;62.11224;[1.0, 0.0, 0.0];[[-1.8583696039, 1.8583696039, 0.0], [0.0, -1.8583696039, 1.8583696039], [0.0, 0.0, -1.8583696039]]
306;852;145.0;62.11224;[1.0, 0.0, 0.0];[[-1.2424894233, 1.2424894233, 0.0], [0.0, -1.2424894233, 0.0], [0.0, 0.0, -0.6420077558]]
307;853;145.0;62.11224;[1.0, 0.0, 0.0];[[-1.8641266706, 1.8641266706, 0.0], [0.0, -1.8641266706, 1.8641266706], [0.0, 0.0, -1.8641266706]]
308;854;145.0;62.11224;[1.0, 0.0, 0.0];[[-1.8636926704, 1.8636926704, 0.0], [0.0, -1.8636926704, 1.8636926704], [0.0, 0.0, -1.8636926704]]
309;855;145.0;62.11224;[1.0, 0.0, 0.0];[[-1.8565582096, 1.8565582096, 0.0], [0.0, -1.8565582096, 1.8565582096], [0.0, 0.0, -1.8565582096]]
310;856;145.0;62.11224;[1.0, 0.0, 0.0];[[-1.8353796096, 1.8353796096, 0.0], [0.0, -1.8353796096, 1.8353796096], [0.0, 0.0, -1.8353796096]]
311;857;145.0;62.11224;[1.0, 0.0, 0.0];[[-1.741300139, 1.741300139, 0.0], [0.0, -1.741300139, 1.741300139], [0.0, 0.0, -1.741300139]]
312;858;145.0;62.11224;[1.0, 0.0, 0.0];[[-1.805177983, 1.805177983, 0.0], [0.0, -1.805177983, 1.805177983], [0.0, 0.0, -1.805177983]]
313;859;145.0;62.11224;[1.0, 0.0, 0.0];[[-1.8344018085, 1.8344018085, 0.0], [0.0, -1.8344018085, 1.8344018085], [0.0, 0.0, -1.8344018085]]
314;860;145.0;62.11224;[1.0, 0.0, 0.0];[[-1.9128393637, 1.9128393637, 0.0], [0.0, -1.9128393637, 1.9128393637], [0.0, 0.0, -1.9128393637]]
315;861;145.0;62.11224;[1.0, 0.0, 0.0];[[-1.8037833498, 1.8037833498, 0.0], [0.0, -1.8037833498, 1.8037833498], [0.0, 0.0, -1.8037833498]]
316;862;145.0;62.11224;[1.0, 0.0, 0.0];[[-1.9193078211, 1.9193078211, 0.0], [0.0, -1.9193078211, 1.9193078211], [0.0, 0.0, -1.9193078211]]
317;863;145.0;62.11224;[1.0, 0.0, 0.0];[[-1.2069117105, 1.2069117105, 0.0], [0.0, -1.2069117105, 0.0], [0.0, 0.0, -0.6086833919]]
318;864;145.0;62.11224;[1.0, 0.0, 0.0];[[-1.8837222021, 1.8837222021, 0.0], [0.0, -1.8837222021, 1.8837222021], [0.0, 0.0, -1.8837222021]]
319;865;145.0;62.11224;[1.0, 0.0, 0.0];[[-1.2521898987, 1.2521898987, 0.0], [0.0, -1.2521898987, 0.0], [0.0, 0.0, -0.6400340416]]
320;866;145.0;62.11224;[1.0, 0.0, 0.0];[[-1.8250562111, 1.8250562111, 0.0], [0.0, -1.8250562111, 1.8250562111], [0.0, 0.0, -1.8250562111]]
321;867;145.0;62.11224;[1.0, 0.0, 0.0];[[-1.9046591893, 1.9046591893, 0.0], [0.0, -1.9046591893, 1.9046591893], [0.0, 0.0, -1.9046591893]]
322;868;145.0;62.11224;[1.0, 0.0, 0.0];[[-1.8349362538, 1.8349362538, 0.0], [0.0, -1.8349362538, 1.8349362538], [0.0, 0.0, -1.8349362538]]
323;869;145.0;62.11224;[1.0, 0.0, 0.0];[[-1.8519942981, 1.8519942981, 0.0], [0.0, -1.8519942981, 1.8519942981], [0.0, 0.0, -1.8519942981]]
324;870;145.0;62.11224;[1.0, 0.0, 0.0];[[-1.2199147651, 1.2199147651, 0.0], [0.0, -1.2199147651, 0.0], [0.0, 0.0, -0.6118957982]]
325;871;145.0;62.11224;[1.0, 0.0, 0.0];[[-1.203363451, 1.203363451, 0.0], [0.0, -1.203363451, 0.0], [0.0, 0.0, -0.6069207007]]
326;872;145.0;62.11224;[1.0, 0.0, 0.0];[[-1.8873819505, 1.8873819505, 0.0], [0.0, -1.8873819505, 1.8873819505], [0.0, 0.0, -1.8873819505]]
327;873;145.0;62.11224;[1.0, 0.0, 0.0];[[-1.8376138266, 1.8376138266, 0.0], [0.0, -1.8376138266, 1.8376138266], [0.0, 0.0, -1.8376138266]]
328;874;145.0;62.11224;[1.0, 0.0, 0.0];[[-1.7836956864, 1.7836956864, 0.0], [0.0, -1.7836956864, 1.7836956864], [0.0, 0.0, -1.7836956864]]
329;875;145.0;62.11224;[1.0, 0.0, 0.0];[[-1.7682386933, 1.7682386933, 0.0], [0.0, -1.7682386933, 1.7682386933], [0.0, 0.0, -1.7682386933]]
330;876;145.0;62.11224;[1.0, 0.0, 0.0];[[-1.220219512, 1.220219512, 0.0], [0.0, -1.220219512, 0.0], [0.0, 0.0, -0.6176814238]]
331;877;145.0;62.11224;[1.0, 0.0, 0.0];[[-1.794753697, 1.794753697, 0.0], [0.0, -1.794753697, 1.794753697], [0.0, 0.0, -1.794753697]]
332;878;145.0;62.11224;[1.0, 0.0, 0.0];[[-1.8136445925, 1.8136445925, 0.0], [0.0, -1.8136445925, 1.8136445925], [0.0, 0.0, -1.8136445925]]
333;879;145.0;62.11224;[1.0, 0.0, 0.0];[[-1.7765680979, 1.7765680979, 0.0], [0.0, -1.7765680979, 1.7765680979], [0.0, 0.0, -1.7765680979]]
334;880;145.0;62.11224;[1.0, 0.0, 0.0];[[-1.8163005988, 1.8163005988, 0.0], [0.0, -1.8163005988, 1.8163005988], [0.0, 0.0, -1.8163005988]]
335;881;145.0;62.11224;[1.0, 0.0, 0.0];[[-1.8922614853, 1.8922614853, 0.0], [0.0, -1.8922614853, 1.8922614853], [0.0, 0.0, -1.8922614853]]
336;882;145.0;62.11224;[1.0, 0.0, 0.0];[[-1.8084225517, 1.8084225517, 0.0], [0.0, -1.8084225517, 1.8084225517], [0.0, 0.0, -1.8084225517]]
337;883;145.0;62.11224;[1.0, 0.0, 0.0];[[-1.8447203788, 1.8447203788, 0.0], [0.0, -1.8447203788, 1.8447203788], [0.0, 0.0, -1.8447203788]]
338;884;145.0;62.11224;[1.0, 0.0, 0.0];[[-1.8164411117, 1.8164411117, 0.0], [0.0, -1.8164411117, 1.8164411117], [0.0, 0.0, -1.8164411117]]
339;885;145.0;62.11224;[1.0, 0.0, 0.0];[[-1.7872928033, 1.7872928033, 0.0], [0.0, -1.7872928033, 1.7872928033], [0.0, 0.0, -1.7872928033]]
340;886;145.0;62.11224;[1.0, 0.0, 0.0];[[-1.8077160861, 1.8077160861, 0.0], [0.0, -1.8077160861, 1.8077160861], [0.0, 0.0, -1.8077160861]]
341;887;145.0;62.11224;[1.0, 0.0, 0.0];[[-1.8643288607, 1.8643288607, 0.0], [0.0, -1.8643288607, 1.8643288607], [0.0, 0.0, -1.8643288607]]
342;888;145.0;62.11224;[1.0, 0.0, 0.0];[[-1.8380128472, 1.8380128472, 0.0], [0.0, -1.8380128472, 1.8380128472], [0.0, 0.0, -1.8380128472]]
343;889;145.0;62.11224;[1.0, 0.0, 0.0];[[-1.7917707484, 1.7917707484, 0.0], [0.0, -1.7917707484, 1.7917707484], [0.0, 0.0, -1.7917707484]]
344;890;145.0;62.11224;[1.0, 0.0, 0.0];[[-1.8419688079, 1.8419688079, 0.0], [0.0, -1.8419688079, 1.8419688079], [0.0, 0.0, -1.8419688079]]
345;891;145.0;62.11224;[1.0, 0.0, 0.0];[[-1.8436508305, 1.8436508305, 0.0], [0.0, -1.8436508305, 1.8436508305], [0.0, 0.0, -1.8436508305]]
346;892;145.0;62.11224;[1.0, 0.0, 0.0];[[-1.8323238163, 1.8323238163, 0.0], [0.0, -1.8323238163, 1.8323238163], [0.0, 0.0, -1.8323238163]]
347;893;145.0;62.11224;[1.0, 0.0, 0.0];[[-1.7944502613, 1.7944502613, 0.0], [0.0, -1.7944502613, 1.7944502613], [0.0, 0.0, -1.7944502613]]
348;894;145.0;62.11224;[1.0, 0.0, 0.0];[[-1.8449006595, 1.8449006595, 0.0], [0.0, -1.8449006595, 1.8449006595], [0.0, 0.0, -1.8449006595]]
349;895;145.0;62.11224;[1.0, 0.0, 0.0];[[-1.8514385008, 1.8514385008, 0.0], [0.0, -1.8514385008, 1.8514385008], [0.0, 0.0, -1.8514385008]]
350;896;145.0;62.11224;[1.0, 0.0, 0.0];[[-1.8392355088, 1.8392355088, 0.0], [0.0, -1.8392355088, 1.8392355088], [0.0, 0.0, -1.8392355088]]
351;897;145.0;62.11224;[1.0, 0.0, 0.0];[[-1.8263257492, 1.8263257492, 0.0], [0.0, -1.8263257492, 1.8263257492], [0.0, 0.0, -1.8263257492]]
352;898;145.0;62.11224;[1.0, 0.0, 0.0];[[-1.8563795667, 1.8563795667, 0.0], [0.0, -1.8563795667, 1.8563795667], [0.0, 0.0, -1.8563795667]]
353;899;145.0;62.11224;[1.0, 0.0, 0.0];[[-1.9070846378, 1.9070846378, 0.0], [0.0, -1.9070846378, 1.9070846378], [0.0, 0.0, -1.9070846378]]
354;900;145.0;62.11224;[1.0, 0.0, 0.0];[[-1.8036759857, 1.8036759857, 0.0], [0.0, -1.8036759857, 1.8036759857], [0.0, 0.0, -1.8036759857]]
355;901;145.0;62.11224;[1.0, 0.0, 0.0];[[-1.8203052595, 1.8203052595, 0.0], [0.0, -1.8203052595, 1.8203052595], [0.0, 0.0, -1.8203052595]]
356;902;145.0;62.11224;[1.0, 0.0, 0.0];[[-1.8319516113, 1.8319516113, 0.0], [0.0, -1.8319516113, 1.8319516113], [0.0, 0.0, -1.8319516113]]
357;903;145.0;62.11224;[1.0, 0.0, 0.0];[[-1.1893401403, 1.1893401403, 0.0], [0.0, -1.1893401403, 0.0], [0.0, 0.0, -0.5985443086]]
358;904;145.0;62.11224;[1.0, 0.0, 0.0];[[-1.7678320289, 1.7678320289, 0.0], [0.0, -1.7678320289, 1.7678320289], [0.0, 0.0, -1.7678320289]]
359;905;145.0;62.11224;[1.0, 0.0, 0.0];[[-1.8763709134, 1.8763709134, 0.0], [0.0, -1.8763709134, 1.8763709134], [0.0, 0.0, -1.8763709134]]
360;906;145.0;62.11224;[1.0, 0.0, 0.0];[[-1.7743059395, 1.7743059395, 0.0], [0.0, -1.7743059395, 1.7743059395], [0.0, 0.0, -1.7743059395]]
