1;547;145.0;62.11224;[1.0, 0.0, 0.0];[[-0.6088976824, 0.6088976824, 0.0], [0.0, -0.6088976824, 0.6088976824], [0.0, 0.0, -0.6088976824]]
2;548;145.0;62.11224;[1.0, 0.0, 0.0];[[-0.5972290152, 0.5972290152, 0.0], [0.0, -0.5972290152, 0.5972290152], [0.0, 0.0, -0.5972290152]]
3;549;145.0;62.11224;[1.0, 0.0, 0.0];[[-0.6064182435, 0.6064182435, 0.0], [0.0, -0.6064182435, 0.6064182435], [0.0, 0.0, -0.6064182435]]
4;550;145.0;62.11224;[1.0, 0.0, 0.0];[[-0.6009236109, 0.6009236109, 0.0], [0.0, -0.6009236109, 0.6009236109], [0.0, 0.0, -0.6009236109]]
5;551;145.0;62.11224;[1.0, 0.0, 0.0];[[-0.6175292664, 0.6175292664, 0.0], [0.0, -0.6175292664, 0.6175292664], [0.0, 0.0, -0.6175292664]]
6;552;145.0;62.11224;[1.0, 0.0, 0.0];[[-0.6150672443, 0.6150672443, 0.0], [0.0, -0.6150672443, 0.6150672443], [0.0, 0.0, -0.6150672443]]
7;553;145.0;62.11224;[1.0, 0.0, 0.0];[[-0.6129230516, 0.6129230516, 0.0], [0.0, -0.6129230516, 0.6129230516], [0.0, 0.0, -0.6129230516]]
8;554;145.0;62.11224;[1.0, 0.0, 0.0];[[-0.6197084789, 0.6197084789, 0.0], [0.0, -0.6197084789, 0.6197084789], [0.0, 0.0, -0.6197084789]]
9;555;145.0;62.11224;[1.0, 0.0, 0.0];[[-0.6061472657, 0.6061472657, 0.0], [0.0, -0.6061472657, 0.6061472657], [0.0, 0.0, -0.6061472657]]
10;556;145.0;62.11224;[1.0, 0.0, 0.0];[[-0.6155683618, 0.6155683618, 0.0], [0.0, -0.6155683618, 0.6155683618], [0.0, 0.0, -0.6155683618]]
11;557;145.0;62.11224;[1.0, 0.0, 0.0];[[-0.624089675, 0.624089675, 0.0], [0.0, -0.624089675, 0.624089675], [0.0, 0.0, -0.624089675]]
12;558;145.0;62.11224;[1.0, 0.0, 0.0];[[-0.6115438476, 0.6115438476, 0.0], [0.0, -0.6115438476, 0.6115438476], [0.0, 0.0, -0.6115438476]]
13;559;145.0;62.11224;[1.0, 0.0, 0.0];[[-0.6164445705, 0.6164445705, 0.0], [0.0, -0.6164445705, 0.6164445705], [0.0, 0.0, -0.6164445705]]
14;560;145.0;62.11224;[1.0, 0.0, 0.0];[[-0.6014781299, 0.6014781299, 0.0], [0.0, -0.6014781299, 0.6014781299], [0.0, 0.0, -0.6014781299]]
15;561;145.0;62.11224;[1.0, 0.0, 0.0];[[-0.6057884539, 0.6057884539, 0.0], [0.0, -0.6057884539, 0.6057884539], [0.0, 0.0, -0.6057884539]]
16;562;145.0;62.11224;[1.0, 0.0, 0.0];[[-0.6264676221, 0.6264676221, 0.0], [0.0, -0.6264676221, 0.6264676221], [0.0, 0.0, -0.6264676221]]
17;563;145.0;62.11224;[1.0, 0.0, 0.0];[[-0.597192246, 0.597192246, 0.0], [0.0, -0.597192246, 0.597192246], [0.0, 0.0, -0.597192246]]
18;564;145.0;62.11224;[1.0, 0.0, 0.0];[[-0.605250688, 0.605250688, 0.0], [0.0, -0.605250688, 0.605250688], [0.0, 0.0, -0.605250688]]
19;565;145.0;62.11224;[1.0, 0.0, 0.0];[[-0.6081370249, 0.6081370249, 0.0], [0.0, -0.6081370249, 0.6081370249], [0.0, 0.0, -0.6081370249]]
20;566;145.0;62.11224;[1.0, 0.0, 0.0];[[-0.6062753102, 0.6062753102, 0.0], [0.0, -0.6062753102, 0.6062753102], [0.0, 0.0, -0.6062753102]]
21;567;145.0;62.11224;[1.0, 0.0, 0.0];[[-0.6176502399, 0.6176502399, 0.0], [0.0, -0.6176502399, 0.6176502399], [0.0, 0.0, -0.6176502399]]
22;568;145.0;62.11224;[1.0, 0.0, 0.0];[[-0.6045905335, 0.6045905335, 0.0], [0.0, -0.6045905335, 0.6045905335], [0.0, 0.0, -0.6045905335]]
23;569;145.0;62.11224;[1.0, 0.0, 0.0];[[-0.6040261749, 0.6040261749, 0.0], [0.0, -0.6040261749, 0.6040261749], [0.0, 0.0, -0.6040261749]]
24;570;145.0;62.11224;[1.0, 0.0, 0.0];[[-0.6101709102, 0.6101709102, 0.0], [0.0, -0.6101709102, 0.6101709102], [0.0, 0.0, -0.6101709102]]
25;571;145.0;62.11224;[1.0, 0.0, 0.0];[[-0.6244759633, 0.6244759633, 0.0], [0.0, -0.6244759633, 0.6244759633], [0.0, 0.0, -0.6244759633]]
26;572;145.0;62.11224;[1.0, 0.0, 0.0];[[-0.6304938386, 0.6304938386, 0.0], [0.0, -0.6304938386, 0.6304938386], [0.0, 0.0, -0.6304938386]]
27;573;145.0;62.11224;[1.0, 0.0, 0.0];[[-0.6174184297, 0.6174184297, 0.0], [0.0, -0.6174184297, 0.6174184297], [0.0, 0.0, -0.6174184297]]
28;574;145.0;62.11224;[1.0, 0.0, 0.0];[[-0.599886999, 0.599886999, 0.0], [0.0, -0.599886999, 0.599886999], [0.0, 0.0, -0.599886999]]
29;575;145.0;62.11224;[1.0, 0.0, 0.0];[[-0.6057349194, 0.6057349194, 0.0], [0.0, -0.6057349194, 0.6057349194], [0.0, 0.0, -0.6057349194]]
30;576;145.0;62.11224;[1.0, 0.0, 0.0];[[-0.6079891338, 0.6079891338, 0.0], [0.0, -0.6079891338, 0.6079891338], [0.0, 0.0, -0.6079891338]]
31;577;145.0;62.11224;[1.0, 0.0, 0.0];[[-0.5921793549, 0.5921793549, 0.0], [0.0, -0.5921793549, 0.5921793549], [0.0, 0.0, -0.5921793549]]
32;578;145.0;62.11224;[1.0, 0.0, 0.0];[[-0.6150706216, 0.6150706216, 0.0], [0.0, -0.6150706216, 0.6150706216], [0.0, 0.0, -0.6150706216]]
33;579;145.0;62.11224;[1.0, 0.0, 0.0];[[-0.5969006035, 0.5969006035, 0.0], [0.0, -0.5969006035, 0.5969006035], [0.0, 0.0, -0.5969006035]]
34;580;145.0;62.11224;[1.0, 0.0, 0.0];[[-0.6118309447, 0.6118309447, 0.0], [0.0, -0.6118309447, 0.6118309447], [0.0, 0.0, -0.6118309447]]
35;581;145.0;62.11224;[1.0, 0.0, 0.0];[[-0.6000659536, 0.6000659536, 0.0], [0.0, -0.6000659536, 0.6000659536], [0.0, 0.0, -0.6000659536]]
36;582;145.0;62.11224;[1.0, 0.0, 0.0];[[-0.6422403331, 0.6422403331, 0.0], [0.0, -0.6422403331, 0.6422403331], [0.0, 0.0, -0.6422403331]]
37;583;145.0;62.11224;[1.0, 0.0, 0.0];[[-0.6212214008, 0.6212214008, 0.0], [0.0, -0.6212214008, 0.6212214008], [0.0, 0.0, -0.6212214008]]
38;584;145.0;62.11224;[1.0, 0.0, 0.0];[[-0.6168944968, 0.6168944968, 0.0], [0.0, -0.6168944968, 0.6168944968], [0.0, 0.0, -0.6168944968]]
39;585;145.0;62.11224;[1.0, 0.0, 0.0];[[-0.4095577608, 0.4095577608, 0.0], [0.0, -0.4095577608, 0.0], [0.0, 0.0, -0.2093335239]]
40;586;145.0;62.11224;[1.0, 0.0, 0.0];[[-0.6109804148, 0.6109804148, 0.0], [0.0, -0.6109804148, 0.6109804148], [0.0, 0.0, -0.6109804148]]
41;587;145.0;62.11224;[1.0, 0.0, 0.0];[[-0.6173189666, 0.6173189666, 0.0], [0.0, -0.6173189666, 0.6173189666], [0.0, 0.0, -0.6173189666]]
42;588;145.0;62.11224;[1.0, 0.0, 0.0];[[-0.6354015734, 0.6354015734, 0.0], [0.0, -0.6354015734, 0.6354015734], [0.0, 0.0, -0.6354015734]]
43;589;145.0;62.11224;[1.0, 0.0, 0.0];[[-0.6078113433, 0.6078113433, 0.0], [0.0, -0.6078113433, 0.6078113433], [0.0, 0.0, -0.6078113433]]
44;590;145.0;62.11224;[1.0, 0.0, 0.0];[[-0.6330875322, 0.6330875322, 0.0], [0.0, -0.6330875322, 0.6330875322], [0.0, 0.0, -0.6330875322]]
45;591;145.0;62.11224;[1.0, 0.0, 0.0];[[-0.598501285, 0.598501285, 0.0], [0.0, -0.598501285, 0.598501285], [0.0, 0.0, -0.598501285]]
46;592;145.0;62.11224;[1.0, 0.0, 0.0];[[-0.610679888, 0.610679888, 0.0], [0.0, -0.610679888, 0.610679888], [0.0, 0.0, -0.610679888]]
47;593;145.0;62.11224;[1.0, 0.0, 0.0];[[-0.5947270966, 0.5947270966, 0.0], [0.0, -0.5947270966, 0.5947270966], [0.0, 0.0, -0.5947270966]]
48;594;145.0;62.11224;[1.0, 0.0, 0.0];[[-0.6003099769, 0.6003099769, 0.0], [0.0, -0.6003099769, 0.6003099769], [0.0, 0.0, -0.6003099769]]
49;595;145.0;62.11224;[1.0, 0.0, 0.0];[[-0.5928517405, 0.5928517405, 0.0], [0.0, -0.5928517405, 0.5928517405], [0.0, 0.0, -0.5928517405]]
50;596;145.0;62.11224;[1.0, 0.0, 0.0];[[-0.6265991285, 0.6265991285, 0.0], [0.0, -0.6265991285, 0.6265991285], [0.0, 0.0, -0.6265991285]]
51;597;145.0;62.11224;[1.0, 0.0, 0.0];[[-0.5977342279, 0.5977342279, 0.0], [0.0, -0.5977342279, 0.5977342279], [0.0, 0.0, -0.5977342279]]
52;598;145.0;62.11224;[1.0, 0.0, 0.0];[[-0.6096097921, 0.6096097921, 0.0], [0.0, -0.6096097921, 0.6096097921], [0.0, 0.0, -0.6096097921]]
53;599;145.0;62.11224;[1.0, 0.0, 0.0];[[-0.6074436082, 0.6074436082, 0.0], [0.0, -0.6074436082, 0.6074436082], [0.0, 0.0, -0.6074436082]]
54;600;145.0;62.11224;[1.0, 0.0, 0.0];[[-0.6072044334, 0.6072044334, 0.0], [0.0, -0.6072044334, 0.6072044334], [0.0, 0.0, -0.6072044334]]
55;601;145.0;62.11224;[1.0, 0.0, 0.0];[[-0.6518685204, 0.6518685204, 0.0], [0.0, -0.6518685204, 0.6518685204], [0.0, 0.0, -0.6518685204]]
56;602;145.0;62.11224;[1.0, 0.0, 0.0];[[-0.6155068839, 0.6155068839, 0.0], [0.0, -0.6155068839, 0.6155068839], [0.0, 0.0, -0.6155068839]]
57;603;145.0;62.11224;[1.0, 0.0, 0.0];[[-0.6097970105, 0.6097970105, 0.0], [0.0, -0.6097970105, 0.6097970105], [0.0, 0.0, -0.6097970105]]
58;604;145.0;62.11224;[1.0, 0.0, 0.0];[[-0.6179277996, 0.6179277996, 0.0], [0.0, -0.6179277996, 0.6179277996], [0.0, 0.0, -0.6179277996]]
59;605;145.0;62.11224;[1.0, 0.0, 0.0];[[-0.6195468708, 0.6195468708, 0.0], [0.0, -0.6195468708, 0.6195468708], [0.0, 0.0, -0.6195468708]]
60;606;145.0;62.11224;[1.0, 0.0, 0.0];[[-0.6180797432, 0.6180797432, 0.0], [0.0, -0.6180797432, 0.6180797432], [0.0, 0.0, -0.6180797432]]
61;607;145.0;62.11224;[1.0, 0.0, 0.0];[[-0.6093795832, 0.6093795832, 0.0], [0.0, -0.6093795832, 0.6093795832], [0.0, 0.0, -0.6093795832]]
62;608;145.0;62.11224;[1.0, 0.0, 0.0];[[-0.4138887226, 0.4138887226, 0.0], [0.0, -0.4138887226, 0.0], [0.0, 0.0, -0.2099880298]]
63;609;145.0;62.11224;[1.0, 0.0, 0.0];[[-0.5959884318, 0.5959884318, 0.0], [0.0, -0.5959884318, 0.5959884318], [0.0, 0.0, -0.5959884318]]
64;610;145.0;62.11224;[1.0, 0.0, 0.0];[[-0.6184404143, 0.6184404143, 0.0], [0.0, -0.6184404143, 0.6184404143], [0.0, 0.0, -0.6184404143]]
65;611;145.0;62.11224;[1.0, 0.0, 0.0];[[-0.615793918, 0.615793918, 0.0], [0.0, -0.615793918, 0.615793918], [0.0, 0.0, -0.615793918]]
66;612;145.0;62.11224;[0.9949748744, 0.0, 0.0];[[-0.3976876144, 0.3976876144, 0.0], [0.0, -0.3976876144, 0.0], [0.0, 0.0, -0.201249923]]
67;613;145.0;62.11224;[1.0, 0.0, 0.0];[[-0.6284315307, 0.6284315307, 0.0], [0.0, -0.6284315307, 0.6284315307], [0.0, 0.0, -0.6284315307]]
68;614;145.0;62.11224;[1.0, 0.0, 0.0];[[-0.6532614315, 0.6532614315, 0.0], [0.0, -0.6532614315, 0.6532614315], [0.0, 0.0, -0.6532614315]]
69;615;145.0;62.11224;[1.0, 0.0, 0.0];[[-0.6247585003, 0.6247585003, 0.0], [0.0, -0.6247585003, 0.6247585003], [0.0, 0.0, -0.6247585003]]
70;616;145.0;62.11224;[1.0, 0.0, 0.0];[[-0.6112183728, 0.6112183728, 0.0], [0.0, -0.6112183728, 0.6112183728], [0.0, 0.0, -0.6112183728]]
71;617;145.0;62.11224;[1.0, 0.0, 0.0];[[-0.6009969834, 0.6009969834, 0.0], [0.0, -0.6009969834, 0.6009969834], [0.0, 0.0, -0.6009969834]]
72;618;145.0;62.11224;[1.0, 0.0, 0.0];[[-0.6261635089, 0.6261635089, 0.0], [0.0, -0.6261635089, 0.6261635089], [0.0, 0.0, -0.6261635089]]
73;619;145.0;62.11224;[1.0, 0.0, 0.0];[[-0.6268988822, 0.6268988822, 0.0], [0.0, -0.6268988822, 0.6268988822], [0.0, 0.0, -0.6268988822]]
74;620;145.0;62.11224;[1.0, 0.0, 0.0];[[-0.6149248786, 0.6149248786, 0.0], [0.0, -0.6149248786, 0.6149248786], [0.0, 0.0, -0.6149248786]]
75;621;145.0;62.11224;[1.0, 0.0, 0.0];[[-0.6174465011, 0.6174465011, 0.0], [0.0, -0.6174465011, 0.6174465011], [0.0, 0.0, -0.6174465011]]
76;622;145.0;62.11224;[1.0, 0.0, 0.0];[[-0.6128503072, 0.6128503072, 0.0], [0.0, -0.6128503072, 0.6128503072], [0.0, 0.0, -0.6128503072]]
77;623;145.0;62.11224;[1.0, 0.0, 0.0];[[-0.6201488334, 0.6201488334, 0.0], [0.0, -0.6201488334, 0.6201488334], [0.0, 0.0, -0.6201488334]]
78;624;145.0;62.11224;[1.0, 0.0, 0.0];[[-0.6185252588, 0.6185252588, 0.0], [0.0, -0.6185252588, 0.6185252588], [0.0, 0.0, -0.6185252588]]
79;625;145.0;62.11224;[1.0, 0.0, 0.0];[[-0.6045595559, 0.6045595559, 0.0], [0.0, -0.6045595559, 0.6045595559], [0.0, 0.0, -0.6045595559]]
80;626;145.0;62.11224;[1.0, 0.0, 0.0];[[-0.6142108711, 0.6142108711, 0.0], [0.0, -0.6142108711, 0.6142108711], [0.0, 0.0, -0.6142108711]]
81;627;145.0;62.11224;[1.0, 0.0, 0.0];[[-0.6084749134, 0.6084749134, 0.0], [0.0, -0.6084749134, 0.6084749134], [0.0, 0.0, -0.6084749134]]
82;628;145.0;62.11224;[1.0, 0.0, 0.0];[[-0.6089558735, 0.6089558735, 0.0], [0.0, -0.6089558735, 0.6089558735], [0.0, 0.0, -0.6089558735]]
83;629;145.0;62.11224;[1.0, 0.0, 0.0];[[-0.6340385577, 0.6340385577, 0.0], [0.0, -0.6340385577, 0.6340385577], [0.0, 0.0, -0.6340385577]]
84;630;145.0;62.11224;[1.0, 0.0, 0.0];[[-0.6149659828, 0.6149659828, 0.0], [0.0, -0.6149659828, 0.6149659828], [0.0, 0.0, -0.6149659828]]
85;631;145.0;62.11224;[1.0, 0.0, 0.0];[[-0.6238414778, 0.6238414778, 0.0], [0.0, -0.6238414778, 0.6238414778], [0.0, 0.0, -0.6238414778]]
86;632;145.0;62.11224;[1.0, 0.0, 0.0];[[-0.613398145, 0.613398145, 0.0], [0.0, -0.613398145, 0.613398145], [0.0, 0.0, -0.613398145]]
87;633;145.0;62.11224;[1.0, 0.0, 0.0];[[-0.6275531501, 0.6275531501, 0.0], [0.0, -0.6275531501, 0.6275531501], [0.0, 0.0, -0.6275531501]]
88;634;145.0;62.11224;[1.0, 0.0, 0.0];[[-0.6288529113, 0.6288529113, 0.0], [0.0, -0.6288529113, 0.6288529113], [0.0, 0.0, -0.6288529113]]
89;635;145.0;62.11224;[1.0, 0.0, 0.0];[[-0.6264015994, 0.6264015994, 0.0], [0.0, -0.6264015994, 0.6264015994], [0.0, 0.0, -0.6264015994]]
90;636;145.0;62.11224;[1.0, 0.0, 0.0];[[-0.6241599091, 0.6241599091, 0.0], [0.0, -0.6241599091, 0.6241599091], [0.0, 0.0, -0.6241599091]]
91;637;145.0;62.11224;[1.0, 0.0, 0.0];[[-0.6003665578, 0.6003665578, 0.0], [0.0, -0.6003665578, 0.6003665578], [0.0, 0.0, -0.6003665578]]
92;638;145.0;62.11224;[1.0, 0.0, 0.0];[[-0.5893275869, 0.5893275869, 0.0], [0.0, -0.5893275869, 0.5893275869], [0.0, 0.0, -0.5893275869]]
93;639;145.0;62.11224;[1.0, 0.0, 0.0];[[-0.6097727153, 0.6097727153, 0.0], [0.0, -0.6097727153, 0.6097727153], [0.0, 0.0, -0.6097727153]]
94;640;145.0;62.11224;[1.0, 0.0, 0.0];[[-0.5935644319, 0.5935644319, 0.0], [0.0, -0.5935644319, 0.5935644319], [0.0, 0.0, -0.5935644319]]
95;641;145.0;62.11224;[1.0, 0.0, 0.0];[[-0.4096046167, 0.4096046167, 0.0], [0.0, -0.4096046167, 0.0], [0.0, 0.0, -0.2117064937]]
96;642;145.0;62.11224;[1.0, 0.0, 0.0];[[-0.6065500938, 0.6065500938, 0.0], [0.0, -0.6065500938, 0.6065500938], [0.0, 0.0, -0.6065500938]]
97;643;145.0;62.11224;[1.0, 0.0, 0.0];[[-0.6142407314, 0.6142407314, 0.0], [0.0, -0.6142407314, 0.6142407314], [0.0, 0.0, -0.6142407314]]
98;644;145.0;62.11224;[1.0, 0.0, 0.0];[[-0.6120719295, 0.6120719295, 0.0], [0.0, -0.6120719295, 0.6120719295], [0.0, 0.0, -0.6120719295]]
99;645;145.0;62.11224;[1.0, 0.0, 0.0];[[-0.6217540166, 0.6217540166, 0.0], [0.0, -0.6217540166, 0.6217540166], [0.0, 0.0, -0.6217540166]]
100;646;145.0;62.11224;[1.0, 0.0, 0.0];[[-0.6071295624, 0.6071295624, 0.0], [0.0, -0.6071295624, 0.6071295624], [0.0, 0.0, -0.6071295624]]
101;647;145.0;62.11224;[1.0, 0.0, 0.0];[[-0.6250128141, 0.6250128141, 0.0], [0.0, -0.6250128141, 0.6250128141], [0.0, 0.0, -0.6250128141]]
102;648;145.0;62.11224;[1.0, 0.0, 0.0];[[-0.6260975066, 0.6260975066, 0.0], [0.0, -0.6260975066, 0.6260975066], [0.0, 0.0, -0.6260975066]]
103;649;145.0;62.11224;[1.0, 0.0, 0.0];[[-0.6357690107, 0.6357690107, 0.0], [0.0, -0.6357690107, 0.6357690107], [0.0, 0.0, -0.6357690107]]
104;650;145.0;62.11224;[1.0, 0.0, 0.0];[[-0.618809835, 0.618809835, 0.0], [0.0, -0.618809835, 0.618809835], [0.0, 0.0, -0.618809835]]
105;651;145.0;62.11224;[1.0, 0.0, 0.0];[[-0.6146284073, 0.6146284073, 0.0], [0.0, -0.6146284073, 0.6146284073], [0.0, 0.0, -0.6146284073]]
106;652;145.0;62.11224;[1.0, 0.0, 0.0];[[-0.6477881906, 0.6477881906, 0.0], [0.0, -0.6477881906, 0.6477881906], [0.0, 0.0, -0.6477881906]]
107;653;145.0;62.11224;[1.0, 0.0, 0.0];[[-0.5994421141, 0.5994421141, 0.0], [0.0, -0.5994421141, 0.5994421141], [0.0, 0.0, -0.5994421141]]
108;654;145.0;62.11224;[1.0, 0.0, 0.0];[[-0.6025796734, 0.6025796734, 0.0], [0.0, -0.6025796734, 0.6025796734], [0.0, 0.0, -0.6025796734]]
109;655;145.0;62.11224;[1.0, 0.0, 0.0];[[-0.6023280416, 0.6023280416, 0.0], [0.0, -0.6023280416, 0.6023280416], [0.0, 0.0, -0.6023280416]]
110;656;145.0;62.11224;[1.0, 0.0, 0.0];[[-0.620626853, 0.620626853, 0.0], [0.0, -0.620626853, 0.620626853], [0.0, 0.0, -0.620626853]]
111;657;145.0;62.11224;[1.0, 0.0, 0.0];[[-0.6273956355, 0.6273956355, 0.0], [0.0, -0.6273956355, 0.6273956355], [0.0, 0.0, -0.6273956355]]
112;658;145.0;62.11224;[1.0, 0.0, 0.0];[[-0.6108468287, 0.6108468287, 0.0], [0.0, -0.6108468287, 0.6108468287], [0.0, 0.0, -0.6108468287]]
113;659;145.0;62.11224;[1.0, 0.0, 0.0];[[-0.5982148329, 0.5982148329, 0.0], [0.0, -0.5982148329, 0.5982148329], [0.0, 0.0, -0.5982148329]]
114;660;145.0;62.11224;[1.0, 0.0, 0.0];[[-0.6052570385, 0.6052570385, 0.0], [0.0, -0.6052570385, 0.6052570385], [0.0, 0.0, -0.6052570385]]
115;661;145.0;62.11224;[1.0, 0.0, 0.0];[[-0.6096675159, 0.6096675159, 0.0], [0.0, -0.6096675159, 0.6096675159], [0.0, 0.0, -0.6096675159]]
116;662;145.0;62.11224;[1.0, 0.0, 0.0];[[-0.6075357315, 0.6075357315, 0.0], [0.0, -0.6075357315, 0.6075357315], [0.0, 0.0, -0.6075357315]]
117;663;145.0;62.11224;[1.0, 0.0, 0.0];[[-0.6039036262, 0.6039036262, 0.0], [0.0, -0.6039036262, 0.6039036262], [0.0, 0.0, -0.6039036262]]
118;664;145.0;62.11224;[1.0, 0.0, 0.0];[[-0.4195323676, 0.4195323676, 0.0], [0.0, -0.4195323676, 0.0], [0.0, 0.0, -0.2121796123]]
119;665;145.0;62.11224;[1.0, 0.0, 0.0];[[-0.6317669387, 0.6317669387, 0.0], [0.0, -0.6317669387, 0.6317669387], [0.0, 0.0, -0.6317669387]]
120;666;145.0;62.11224;[1.0, 0.0, 0.0];[[-0.5972776334, 0.5972776334, 0.0], [0.0, -0.5972776334, 0.5972776334], [0.0, 0.0, -0.5972776334]]
121;667;145.0;62.11224;[1.0, 0.0, 0.0];[[-0.4078979955, 0.4078979955, 0.0], [0.0, -0.4078979955, 0.0], [0.0, 0.0, -0.2060508018]]
122;668;145.0;62.11224;[1.0, 0.0, 0.0];[[-0.5939067843, 0.5939067843, 0.0], [0.0, -0.5939067843, 0.5939067843], [0.0, 0.0, -0.5939067843]]
123;669;145.0;62.11224;[1.0, 0.0, 0.0];[[-0.6162849001, 0.6162849001, 0.0], [0.0, -0.6162849001, 0.6162849001], [0.0, 0.0, -0.6162849001]]
124;670;145.0;62.11224;[1.0, 0.0, 0.0];[[-0.6178163113, 0.6178163113, 0.0], [0.0, -0.6178163113, 0.6178163113], [0.0, 0.0, -0.6178163113]]
125;671;145.0;62.11224;[1.0, 0.0, 0.0];[[-0.6378365723, 0.6378365723, 0.0], [0.0, -0.6378365723, 0.6378365723], [0.0, 0.0, -0.6378365723]]
126;672;145.0;62.11224;[1.0, 0.0, 0.0];[[-0.6220049495, 0.6220049495, 0.0], [0.0, -0.6220049495, 0.6220049495], [0.0, 0.0, -0.6220049495]]
127;673;145.0;62.11224;[1.0, 0.0, 0.0];[[-0.5973254464, 0.5973254464, 0.0], [0.0, -0.5973254464, 0.5973254464], [0.0, 0.0, -0.5973254464]]
128;674;145.0;62.11224;[1.0, 0.0, 0.0];[[-0.6376393875, 0.6376393875, 0.0], [0.0, -0.6376393875, 0.6376393875], [0.0, 0.0, -0.6376393875]]
129;675;145.0;62.11224;[1.0, 0.0, 0.0];[[-0.596933755, 0.596933755, 0.0], [0.0, -0.596933755, 0.596933755], [0.0, 0.0, -0.596933755]]
130;676;145.0;62.11224;[1.0, 0.0, 0.0];[[-0.6304356073, 0.6304356073, 0.0], [0.0, -0.6304356073, 0.6304356073], [0.0, 0.0, -0.6304356073]]
131;677;145.0;62.11224;[1.0, 0.0, 0.0];[[-0.6158797864, 0.6158797864, 0.0], [0.0, -0.6158797864, 0.6158797864], [0.0, 0.0, -0.6158797864]]
132;678;145.0;62.11224;[1.0, 0.0, 0.0];[[-0.6071198909, 0.6071198909, 0.0], [0.0, -0.6071198909, 0.6071198909], [0.0, 0.0, -0.6071198909]]
133;679;145.0;62.11224;[1.0, 0.0, 0.0];[[-0.4044103797, 0.4044103797, 0.0], [0.0, -0.4044103797, 0.0], [0.0, 0.0, -0.2033913337]]
134;680;145.0;62.11224;[1.0, 0.0, 0.0];[[-0.6154108248, 0.6154108248, 0.0], [0.0, -0.6154108248, 0.6154108248], [0.0, 0.0, -0.6154108248]]
135;681;145.0;62.11224;[1.0, 0.0, 0.0];[[-0.6153838871, 0.6153838871, 0.0], [0.0, -0.6153838871, 0.6153838871], [0.0, 0.0, -0.6153838871]]
136;682;145.0;62.11224;[1.0, 0.0, 0.0];[[-0.6198905515, 0.6198905515, 0.0], [0.0, -0.6198905515, 0.6198905515], [0.0, 0.0, -0.6198905515]]
137;683;145.0;62.11224;[1.0, 0.0, 0.0];[[-0.6078677395, 0.6078677395, 0.0], [0.0, -0.6078677395, 0.6078677395], [0.0, 0.0, -0.6078677395]]
138;684;145.0;62.11224;[1.0, 0.0, 0.0];[[-0.6290974166, 0.6290974166, 0.0], [0.0, -0.6290974166, 0.6290974166], [0.0, 0.0, -0.6290974166]]
139;685;145.0;62.11224;[1.0, 0.0, 0.0];[[-0.6297357019, 0.6297357019, 0.0], [0.0, -0.6297357019, 0.6297357019], [0.0, 0.0, -0.6297357019]]
140;686;145.0;62.11224;[1.0, 0.0, 0.0];[[-0.6062291338, 0.6062291338, 0.0], [0.0, -0.6062291338, 0.6062291338], [0.0, 0.0, -0.6062291338]]
141;687;145.0;62.11224;[1.0, 0.0, 0.0];[[-0.6359204509, 0.6359204509, 0.0], [0.0, -0.6359204509, 0.6359204509], [0.0, 0.0, -0.6359204509]]
142;688;145.0;62.11224;[1.0, 0.0, 0.0];[[-0.6354399718, 0.6354399718, 0.0], [0.0, -0.6354399718, 0.6354399718], [0.0, 0.0, -0.6354399718]]
143;689;145.0;62.11224;[1.0, 0.0, 0.0];[[-0.6188565455, 0.6188565455, 0.0], [0.0, -0.6188565455, 0.6188565455], [0.0, 0.0, -0.6188565455]]
144;690;145.0;62.11224;[1.0, 0.0, 0.0];[[-0.6056796301, 0.6056796301, 0.0], [0.0, -0.6056796301, 0.6056796301], [0.0, 0.0, -0.6056796301]]
145;691;145.0;62.11224;[1.0, 0.0, 0.0];[[-0.6175170786, 0.6175170786, 0.0], [0.0, -0.6175170786, 0.6175170786], [0.0, 0.0, -0.6175170786]]
146;692;145.0;62.11224;[1.0, 0.0, 0.0];[[-0.609959909, 0.609959909, 0.0], [0.0, -0.609959909, 0.609959909], [0.0, 0.0, -0.609959909]]
147;693;145.0;62.11224;[1.0, 0.0, 0.0];[[-0.6082459557, 0.6082459557, 0.0], [0.0, -0.6082459557, 0.6082459557], [0.0, 0.0, -0.6082459557]]
148;694;145.0;62.11224;[1.0, 0.0, 0.0];[[-0.6324808967, 0.6324808967, 0.0], [0.0, -0.6324808967, 0.6324808967], [0.0, 0.0, -0.6324808967]]
149;695;145.0;62.11224;[1.0, 0.0, 0.0];[[-0.5870769267, 0.5870769267, 0.0], [0.0, -0.5870769267, 0.5870769267], [0.0, 0.0, -0.5870769267]]
150;696;145.0;62.11224;[1.0, 0.0, 0.0];[[-0.6057022113, 0.6057022113, 0.0], [0.0, -0.6057022113, 0.6057022113], [0.0, 0.0, -0.6057022113]]
151;697;145.0;62.11224;[1.0, 0.0, 0.0];[[-0.6138591583, 0.6138591583, 0.0], [0.0, -0.6138591583, 0.6138591583], [0.0, 0.0, -0.6138591583]]
152;698;145.0;62.11224;[1.0, 0.0, 0.0];[[-0.6397724946, 0.6397724946, 0.0], [0.0, -0.6397724946, 0.6397724946], [0.0, 0.0, -0.6397724946]]
153;699;145.0;62.11224;[1.0, 0.0, 0.0];[[-0.6231024611, 0.6231024611, 0.0], [0.0, -0.6231024611, 0.6231024611], [0.0, 0.0, -0.6231024611]]
154;700;145.0;62.11224;[1.0, 0.0, 0.0];[[-0.6003446432, 0.6003446432, 0.0], [0.0, -0.6003446432, 0.6003446432], [0.0, 0.0, -0.6003446432]]
155;701;145.0;62.11224;[1.0, 0.0, 0.0];[[-0.5948618297, 0.5948618297, 0.0], [0.0, -0.5948618297, 0.5948618297], [0.0, 0.0, -0.5948618297]]
156;702;145.0;62.11224;[1.0, 0.0, 0.0];[[-0.6094102408, 0.6094102408, 0.0], [0.0, -0.6094102408, 0.6094102408], [0.0, 0.0, -0.6094102408]]
157;703;145.0;62.11224;[1.0, 0.0, 0.0];[[-0.6338774122, 0.6338774122, 0.0], [0.0, -0.6338774122, 0.6338774122], [0.0, 0.0, -0.6338774122]]
158;704;145.0;62.11224;[1.0, 0.0, 0.0];[[-0.6137809793, 0.6137809793, 0.0], [0.0, -0.6137809793, 0.6137809793], [0.0, 0.0, -0.6137809793]]
159;705;145.0;62.11224;[1.0, 0.0, 0.0];[[-0.6209152611, 0.6209152611, 0.0], [0.0, -0.6209152611, 0.6209152611], [0.0, 0.0, -0.6209152611]]
160;706;145.0;62.11224;[1.0, 0.0, 0.0];[[-0.4181084035, 0.4181084035, 0.0], [0.0, -0.4181084035, 0.0], [0.0, 0.0, -0.2124806192]]
161;707;145.0;62.11224;[1.0, 0.0, 0.0];[[-0.6182106276, 0.6182106276, 0.0], [0.0, -0.6182106276, 0.6182106276], [0.0, 0.0, -0.6182106276]]
162;708;145.0;62.11224;[1.0, 0.0, 0.0];[[-0.4281551066, 0.4281551066, 0.0], [0.0, -0.4281551066, 0.0], [0.0, 0.0, -0.2187000024]]
163;709;145.0;62.11224;[1.0, 0.0, 0.0];[[-0.638127223, 0.638127223, 0.0], [0.0, -0.638127223, 0.638127223], [0.0, 0.0, -0.638127223]]
164;710;145.0;62.11224;[1.0, 0.0, 0.0];[[-0.6000681874, 0.6000681874, 0.0], [0.0, -0.6000681874, 0.6000681874], [0.0, 0.0, -0.6000681874]]
165;711;145.0;62.11224;[1.0, 0.0, 0.0];[[-0.6245450054, 0.6245450054, 0.0], [0.0, -0.6245450054, 0.6245450054], [0.0, 0.0, -0.6245450054]]
166;712;145.0;62.11224;[1.0, 0.0, 0.0];[[-0.625423114, 0.625423114, 0.0], [0.0, -0.625423114, 0.625423114], [0.0, 0.0, -0.625423114]]
167;713;145.0;62.11224;[1.0, 0.0, 0.0];[[-0.6158794494, 0.6158794494, 0.0], [0.0, -0.6158794494, 0.6158794494], [0.0, 0.0, -0.6158794494]]
168;714;145.0;62.11224;[1.0, 0.0, 0.0];[[-0.5919844166, 0.5919844166, 0.0], [0.0, -0.5919844166, 0.5919844166], [0.0, 0.0, -0.5919844166]]
169;715;145.0;62.11224;[1.0, 0.0, 0.0];[[-0.6000019927, 0.6000019927, 0.0], [0.0, -0.6000019927, 0.6000019927], [0.0, 0.0, -0.6000019927]]
170;716;145.0;62.11224;[1.0, 0.0, 0.0];[[-0.6121429598, 0.6121429598, 0.0], [0.0, -0.6121429598, 0.6121429598], [0.0, 0.0, -0.6121429598]]
171;717;145.0;62.11224;[1.0, 0.0, 0.0];[[-0.6038202454, 0.6038202454, 0.0], [0.0, -0.6038202454, 0.6038202454], [0.0, 0.0, -0.6038202454]]
172;718;145.0;62.11224;[1.0, 0.0, 0.0];[[-0.6215414486, 0.6215414486, 0.0], [0.0, -0.6215414486, 0.6215414486], [0.0, 0.0, -0.6215414486]]
173;719;145.0;62.11224;[1.0, 0.0, 0.0];[[-0.3994096277, 0.3994096277, 0.0], [0.0, -0.3994096277, 0.0], [0.0, 0.0, -0.2022401469]]
174;720;145.0;62.11224;[1.0, 0.0, 0.0];[[-0.6221806492, 0.6221806492, 0.0], [0.0, -0.6221806492, 0.6221806492], [0.0, 0.0, -0.6221806492]]
175;721;145.0;62.11224;[1.0, 0.0, 0.0];[[-0.6331309699, 0.6331309699, 0.0], [0.0, -0.6331309699, 0.6331309699], [0.0, 0.0, -0.6331309699]]
176;722;145.0;62.11224;[1.0, 0.0, 0.0];[[-0.4314102907, 0.4314102907, 0.0], [0.0, -0.4314102907, 0.0], [0.0, 0.0, -0.2191946106]]
177;723;145.0;62.11224;[1.0, 0.0, 0.0];[[-0.6052759019, 0.6052759019, 0.0], [0.0, -0.6052759019, 0.6052759019], [0.0, 0.0, -0.6052759019]]
178;724;145.0;62.11224;[1.0, 0.0, 0.0];[[-0.6162784446, 0.6162784446, 0.0], [0.0, -0.6162784446, 0.6162784446], [0.0, 0.0, -0.6162784446]]
179;725;145.0;62.11224;[1.0, 0.0, 0.0];[[-0.6150532554, 0.6150532554, 0.0], [0.0, -0.6150532554, 0.6150532554], [0.0, 0.0, -0.6150532554]]
180;726;145.0;62.11224;[1.0, 0.0, 0.0];[[-0.6012950728, 0.6012950728, 0.0], [0.0, -0.6012950728, 0.6012950728], [0.0, 0.0, -0.6012950728]]
181;727;145.0;62.11224;[1.0, 0.0, 0.0];[[-0.6298498461, 0.6298498461, 0.0], [0.0, -0.6298498461, 0.6298498461], [0.0, 0.0, -0.6298498461]]
182;728;145.0;62.11224;[1.0, 0.0, 0.0];[[-0.5981824907, 0.5981824907, 0.0], [0.0, -0.5981824907, 0.5981824907], [0.0, 0.0, -0.5981824907]]
183;729;145.0;62.11224;[1.0, 0.0, 0.0];[[-0.6076758644, 0.6076758644, 0.0], [0.0, -0.6076758644, 0.6076758644], [0.0, 0.0, -0.6076758644]]
184;730;145.0;62.11224;[1.0, 0.0, 0.0];[[-0.6131167352, 0.6131167352, 0.0], [0.0, -0.6131167352, 0.6131167352], [0.0, 0.0, -0.6131167352]]
185;731;145.0;62.11224;[1.0, 0.0, 0.0];[[-0.6176571872, 0.6176571872, 0.0], [0.0, -0.6176571872, 0.6176571872], [0.0, 0.0, -0.6176571872]]
186;732;145.0;62.11224;[1.0, 0.0, 0.0];[[-0.6245390512, 0.6245390512, 0.0], [0.0, -0.6245390512, 0.6245390512], [0.0, 0.0, -0.6245390512]]
187;733;145.0;62.11224;[1.0, 0.0, 0.0];[[-0.6360719943, 0.6360719943, 0.0], [0.0, -0.6360719943, 0.6360719943], [0.0, 0.0, -0.6360719943]]
188;734;145.0;62.11224;[1.0, 0.0, 0.0];[[-0.6011331991, 0.6011331991, 0.0], [0.0, -0.6011331991, 0.6011331991], [0.0, 0.0, -0.6011331991]]
189;735;145.0;62.11224;[1.0, 0.0, 0.0];[[-0.6305220246, 0.6305220246, 0.0], [0.0, -0.6305220246, 0.6305220246], [0.0, 0.0, -0.6305220246]]
190;736;145.0;62.11224;[1.0, 0.0, 0.0];[[-0.6161235774, 0.6161235774, 0.0], [0.0, -0.6161235774, 0.6161235774], [0.0, 0.0, -0.6161235774]]
191;737;145.0;62.11224;[1.0, 0.0, 0.0];[[-0.6235551159, 0.6235551159, 0.0], [0.0, -0.6235551159, 0.6235551159], [0.0, 0.0, -0.6235551159]]
192;738;145.0;62.11224;[1.0, 0.0, 0.0];[[-0.613733581, 0.613733581, 0.0], [0.0, -0.613733581, 0.613733581], [0.0, 0.0, -0.613733581]]
193;739;145.0;62.11224;[1.0, 0.0, 0.0];[[-0.5868043892, 0.5868043892, 0.0], [0.0, -0.5868043892, 0.5868043892], [0.0, 0.0, -0.5868043892]]
194;740;145.0;62.11224;[1.0, 0.0, 0.0];[[-0.6045510137, 0.6045510137, 0.0], [0.0, -0.6045510137, 0.6045510137], [0.0, 0.0, -0.6045510137]]
195;741;145.0;62.11224;[1.0, 0.0, 0.0];[[-0.6000113078, 0.6000113078, 0.0], [0.0, -0.6000113078, 0.6000113078], [0.0, 0.0, -0.6000113078]]
196;742;145.0;62.11224;[1.0, 0.0, 0.0];[[-0.6094922248, 0.6094922248, 0.0], [0.0, -0.6094922248, 0.6094922248], [0.0, 0.0, -0.6094922248]]
197;743;145.0;62.11224;[1.0, 0.0, 0.0];[[-0.6045924596, 0.6045924596, 0.0], [0.0, -0.6045924596, 0.6045924596], [0.0, 0.0, -0.6045924596]]
198;744;145.0;62.11224;[1.0, 0.0, 0.0];[[-0.6200481396, 0.6200481396, 0.0], [0.0, -0.6200481396, 0.6200481396], [0.0, 0.0, -0.6200481396]]
199;745;145.0;62.11224;[1.0, 0.0, 0.0];[[-0.6196098821, 0.6196098821, 0.0], [0.0, -0.6196098821, 0.6196098821], [0.0, 0.0, -0.6196098821]]
200;746;145.0;62.11224;[1.0, 0.0, 0.0];[[-0.6146457864, 0.6146457864, 0.0], [0.0, -0.6146457864, 0.6146457864], [0.0, 0.0, -0.6146457864]]
201;747;145.0;62.11224;[1.0, 0.0, 0.0];[[-0.6032360045, 0.6032360045, 0.0], [0.0, -0.6032360045, 0.6032360045], [0.0, 0.0, -0.6032360045]]
202;748;145.0;62.11224;[1.0, 0.0, 0.0];[[-0.6144674113, 0.6144674113, 0.0], [0.0, -0.6144674113, 0.6144674113], [0.0, 0.0, -0.6144674113]]
203;749;145.0;62.11224;[1.0, 0.0, 0.0];[[-0.6336534476, 0.6336534476, 0.0], [0.0, -0.6336534476, 0.6336534476], [0.0, 0.0, -0.6336534476]]
204;750;145.0;62.11224;[1.0, 0.0, 0.0];[[-0.6115071411, 0.6115071411, 0.0], [0.0, -0.6115071411, 0.6115071411], [0.0, 0.0, -0.6115071411]]
205;751;145.0;62.11224;[1.0, 0.0, 0.0];[[-0.6270579095, 0.6270579095, 0.0], [0.0, -0.6270579095, 0.6270579095], [0.0, 0.0, -0.6270579095]]
206;752;145.0;62.11224;[1.0, 0.0, 0.0];[[-0.6110176073, 0.6110176073, 0.0], [0.0, -0.6110176073, 0.6110176073], [0.0, 0.0, -0.6110176073]]
207;753;145.0;62.11224;[1.0, 0.0, 0.0];[[-0.6138349344, 0.6138349344, 0.0], [0.0, -0.6138349344, 0.6138349344], [0.0, 0.0, -0.6138349344]]
208;754;145.0;62.11224;[1.0, 0.0, 0.0];[[-0.6036038381, 0.6036038381, 0.0], [0.0, -0.6036038381, 0.6036038381], [0.0, 0.0, -0.6036038381]]
209;755;145.0;62.11224;[1.0, 0.0, 0.0];[[-0.6044233748, 0.6044233748, 0.0], [0.0, -0.6044233748, 0.6044233748], [0.0, 0.0, -0.6044233748]]
210;756;145.0;62.11224;[1.0, 0.0, 0.0];[[-0.6249704928, 0.6249704928, 0.0], [0.0, -0.6249704928, 0.6249704928], [0.0, 0.0, -0.6249704928]]
211;757;145.0;62.11224;[1.0, 0.0, 0.0];[[-0.6179287107, 0.6179287107, 0.0], [0.0, -0.6179287107, 0.6179287107], [0.0, 0.0, -0.6179287107]]
212;758;145.0;62.11224;[1.0, 0.0, 0.0];[[-0.6211312542, 0.6211312542, 0.0], [0.0, -0.6211312542, 0.6211312542], [0.0, 0.0, -0.6211312542]]
213;759;145.0;62.11224;[1.0, 0.0, 0.0];[[-0.612841113, 0.612841113, 0.0], [0.0, -0.612841113, 0.612841113], [0.0, 0.0, -0.612841113]]
214;760;145.0;62.11224;[1.0, 0.0, 0.0];[[-0.6182298339, 0.6182298339, 0.0], [0.0, -0.6182298339, 0.6182298339], [0.0, 0.0, -0.6182298339]]
215;761;145.0;62.11224;[1.0, 0.0, 0.0];[[-0.6231991397, 0.6231991397, 0.0], [0.0, -0.6231991397, 0.6231991397], [0.0, 0.0, -0.6231991397]]
216;762;145.0;62.11224;[1.0, 0.0, 0.0];[[-0.612048879, 0.612048879, 0.0], [0.0, -0.612048879, 0.612048879], [0.0, 0.0, -0.612048879]]
217;763;145.0;62.11224;[1.0, 0.0, 0.0];[[-0.62423461, 0.62423461, 0.0], [0.0, -0.62423461, 0.62423461], [0.0, 0.0, -0.62423461]]
218;764;145.0;62.11224;[1.0, 0.0, 0.0];[[-0.6002868075, 0.6002868075, 0.0], [0.0, -0.6002868075, 0.6002868075], [0.0, 0.0, -0.6002868075]]
219;765;145.0;62.11224;[1.0, 0.0, 0.0];[[-0.6051299211, 0.6051299211, 0.0], [0.0, -0.6051299211, 0.6051299211], [0.0, 0.0, -0.6051299211]]
220;766;145.0;62.11224;[1.0, 0.0, 0.0];[[-0.6340910952, 0.6340910952, 0.0], [0.0, -0.6340910952, 0.6340910952], [0.0, 0.0, -0.6340910952]]
221;767;145.0;62.11224;[1.0, 0.0, 0.0];[[-0.6058791098, 0.6058791098, 0.0], [0.0, -0.6058791098, 0.6058791098], [0.0, 0.0, -0.6058791098]]
222;768;145.0;62.11224;[1.0, 0.0, 0.0];[[-0.5913769647, 0.5913769647, 0.0], [0.0, -0.5913769647, 0.5913769647], [0.0, 0.0, -0.5913769647]]
223;769;145.0;62.11224;[1.0, 0.0, 0.0];[[-0.4258884381, 0.4258884381, 0.0], [0.0, -0.4258884381, 0.0], [0.0, 0.0, -0.2146482728]]
224;770;145.0;62.11224;[1.0, 0.0, 0.0];[[-0.590891476, 0.590891476, 0.0], [0.0, -0.590891476, 0.590891476], [0.0, 0.0, -0.590891476]]
225;771;145.0;62.11224;[1.0, 0.0, 0.0];[[-0.5905284691, 0.5905284691, 0.0], [0.0, -0.5905284691, 0.5905284691], [0.0, 0.0, -0.5905284691]]
226;772;145.0;62.11224;[1.0, 0.0, 0.0];[[-0.6336902242, 0.6336902242, 0.0], [0.0, -0.6336902242, 0.6336902242], [0.0, 0.0, -0.6336902242]]
227;773;145.0;62.11224;[1.0, 0.0, 0.0];[[-0.6158073517, 0.6158073517, 0.0], [0.0, -0.6158073517, 0.6158073517], [0.0, 0.0, -0.6158073517]]
228;774;145.0;62.11224;[1.0, 0.0, 0.0];[[-0.6253642147, 0.6253642147, 0.0], [0.0, -0.6253642147, 0.6253642147], [0.0, 0.0, -0.6253642147]]
229;775;145.0;62.11224;[1.0, 0.0, 0.0];[[-0.6098685241, 0.6098685241, 0.0], [0.0, -0.6098685241, 0.6098685241], [0.0, 0.0, -0.6098685241]]
230;776;145.0;62.11224;[1.0, 0.0, 0.0];[[-0.6160549555, 0.6160549555, 0.0], [0.0, -0.6160549555, 0.6160549555], [0.0, 0.0, -0.6160549555]]
231;777;145.0;62.11224;[1.0, 0.0, 0.0];[[-0.6344722585, 0.6344722585, 0.0], [0.0, -0.6344722585, 0.6344722585], [0.0, 0.0, -0.6344722585]]
232;778;145.0;62.11224;[1.0, 0.0, 0.0];[[-0.6197349718, 0.6197349718, 0.0], [0.0, -0.6197349718, 0.6197349718], [0.0, 0.0, -0.6197349718]]
233;779;145.0;62.11224;[1.0, 0.0, 0.0];[[-0.6040789599, 0.6040789599, 0.0], [0.0, -0.6040789599, 0.6040789599], [0.0, 0.0, -0.6040789599]]
234;780;145.0;62.11224;[1.0, 0.0, 0.0];[[-0.6093807813, 0.6093807813, 0.0], [0.0, -0.6093807813, 0.6093807813], [0.0, 0.0, -0.6093807813]]
235;781;145.0;62.11224;[1.0, 0.0, 0.0];[[-0.609801247, 0.609801247, 0.0], [0.0, -0.609801247, 0.609801247], [0.0, 0.0, -0.609801247]]
236;782;145.0;62.11224;[1.0, 0.0, 0.0];[[-0.4010490327, 0.4010490327, 0.0], [0.0, -0.4010490327, 0.0], [0.0, 0.0, -0.2049486812]]
237;783;145.0;62.11224;[1.0, 0.0, 0.0];[[-0.5901784245, 0.5901784245, 0.0], [0.0, -0.5901784245, 0.5901784245], [0.0, 0.0, -0.5901784245]]
238;784;145.0;62.11224;[1.0, 0.0, 0.0];[[-0.6081126773, 0.6081126773, 0.0], [0.0, -0.6081126773, 0.6081126773], [0.0, 0.0, -0.6081126773]]
239;785;145.0;62.11224;[1.0, 0.0, 0.0];[[-0.6178019492, 0.6178019492, 0.0], [0.0, -0.6178019492, 0.6178019492], [0.0, 0.0, -0.6178019492]]
240;786;145.0;62.11224;[1.0, 0.0, 0.0];[[-0.5899750136, 0.5899750136, 0.0], [0.0, -0.5899750136, 0.5899750136], [0.0, 0.0, -0.5899750136]]
241;787;145.0;62.11224;[1.0, 0.0, 0.0];[[-0.6255256528, 0.6255256528, 0.0], [0.0, -0.6255256528, 0.6255256528], [0.0, 0.0, -0.6255256528]]
242;788;145.0;62.11224;[1.0, 0.0, 0.0];[[-0.6125778019, 0.6125778019, 0.0], [0.0, -0.6125778019, 0.6125778019], [0.0, 0.0, -0.6125778019]]
243;789;145.0;62.11224;[1.0, 0.0, 0.0];[[-0.4009045778, 0.4009045778, 0.0], [0.0, -0.4009045778, 0.0], [0.0, 0.0, -0.2020512058]]
244;790;145.0;62.11224;[1.0, 0.0, 0.0];[[-0.6039690908, 0.6039690908, 0.0], [0.0, -0.6039690908, 0.6039690908], [0.0, 0.0, -0.6039690908]]
245;791;145.0;62.11224;[1.0, 0.0, 0.0];[[-0.6064686197, 0.6064686197, 0.0], [0.0, -0.6064686197, 0.6064686197], [0.0, 0.0, -0.6064686197]]
246;792;145.0;62.11224;[1.0, 0.0, 0.0];[[-0.6002911827, 0.6002911827, 0.0], [0.0, -0.6002911827, 0.6002911827], [0.0, 0.0, -0.6002911827]]
247;793;145.0;62.11224;[1.0, 0.0, 0.0];[[-0.6204017213, 0.6204017213, 0.0], [0.0, -0.6204017213, 0.6204017213], [0.0, 0.0, -0.6204017213]]
248;794;145.0;62.11224;[1.0, 0.0, 0.0];[[-0.6153064519, 0.6153064519, 0.0], [0.0, -0.6153064519, 0.6153064519], [0.0, 0.0, -0.6153064519]]
249;795;145.0;62.11224;[1.0, 0.0, 0.0];[[-0.6097201782, 0.6097201782, 0.0], [0.0, -0.6097201782, 0.6097201782], [0.0, 0.0, -0.6097201782]]
250;796;145.0;62.11224;[1.0, 0.0, 0.0];[[-0.6264999598, 0.6264999598, 0.0], [0.0, -0.6264999598, 0.6264999598], [0.0, 0.0, -0.6264999598]]
251;797;145.0;62.11224;[1.0, 0.0, 0.0];[[-0.6055895268, 0.6055895268, 0.0], [0.0, -0.6055895268, 0.6055895268], [0.0, 0.0, -0.6055895268]]
252;798;145.0;62.11224;[1.0, 0.0, 0.0];[[-0.6111778706, 0.6111778706, 0.0], [0.0, -0.6111778706, 0.6111778706], [0.0, 0.0, -0.6111778706]]
253;799;145.0;62.11224;[1.0, 0.0, 0.0];[[-0.6253023924, 0.6253023924, 0.0], [0.0, -0.6253023924, 0.6253023924], [0.0, 0.0, -0.6253023924]]
254;800;145.0;62.11224;[1.0, 0.0, 0.0];[[-0.601892469, 0.601892469, 0.0], [0.0, -0.601892469, 0.601892469], [0.0, 0.0, -0.601892469]]
255;801;145.0;62.11224;[1.0, 0.0, 0.0];[[-0.6163749148, 0.6163749148, 0.0], [0.0, -0.6163749148, 0.6163749148], [0.0, 0.0, -0.6163749148]]
256;802;145.0;62.11224;[1.0, 0.0, 0.0];[[-0.6310825291, 0.6310825291, 0.0], [0.0, -0.6310825291, 0.6310825291], [0.0, 0.0, -0.6310825291]]
257;803;145.0;62.11224;[1.0, 0.0, 0.0];[[-0.6164296707, 0.6164296707, 0.0], [0.0, -0.6164296707, 0.6164296707], [0.0, 0.0, -0.6164296707]]
258;804;145.0;62.11224;[1.0, 0.0, 0.0];[[-0.6003273737, 0.6003273737, 0.0], [0.0, -0.6003273737, 0.6003273737], [0.0, 0.0, -0.6003273737]]
259;805;145.0;62.11224;[1.0, 0.0, 0.0];[[-0.6143520475, 0.6143520475, 0.0], [0.0, -0.6143520475, 0.6143520475], [0.0, 0.0, -0.6143520475]]
260;806;145.0;62.11224;[1.0, 0.0, 0.0];[[-0.6271074222, 0.6271074222, 0.0], [0.0, -0.6271074222, 0.6271074222], [0.0, 0.0, -0.6271074222]]
261;807;145.0;62.11224;[1.0, 0.0, 0.0];[[-0.6079320198, 0.6079320198, 0.0], [0.0, -0.6079320198, 0.6079320198], [0.0, 0.0, -0.6079320198]]
262;808;145.0;62.11224;[1.0, 0.0, 0.0];[[-0.5964465016, 0.5964465016, 0.0], [0.0, -0.5964465016, 0.5964465016], [0.0, 0.0, -0.5964465016]]
263;809;145.0;62.11224;[1.0, 0.0, 0.0];[[-0.6359586713, 0.6359586713, 0.0], [0.0, -0.6359586713, 0.6359586713], [0.0, 0.0, -0.6359586713]]
264;810;145.0;62.11224;[1.0, 0.0, 0.0];[[-0.6014506299, 0.6014506299, 0.0], [0.0, -0.6014506299, 0.6014506299], [0.0, 0.0, -0.6014506299]]
265;811;145.0;62.11224;[1.0, 0.0, 0.0];[[-0.6313207962, 0.6313207962, 0.0], [0.0, -0.6313207962, 0.6313207962], [0.0, 0.0, -0.6313207962]]
266;812;145.0;62.11224;[1.0, 0.0, 0.0];[[-0.6218580223, 0.6218580223, 0.0], [0.0, -0.6218580223, 0.6218580223], [0.0, 0.0, -0.6218580223]]
267;813;145.0;62.11224;[1.0, 0.0, 0.0];[[-0.5887066681, 0.5887066681, 0.0], [0.0, -0.5887066681, 0.5887066681], [0.0, 0.0, -0.5887066681]]
268;814;145.0;62.11224;[1.0, 0.0, 0.0];[[-0.617463136, 0.617463136, 0.0], [0.0, -0.617463136, 0.617463136], [0.0, 0.0, -0.617463136]]
269;815;145.0;62.11224;[1.0, 0.0, 0.0];[[-0.6075798368, 0.6075798368, 0.0], [0.0, -0.6075798368, 0.6075798368], [0.0, 0.0, -0.6075798368]]
270;816;145.0;62.11224;[1.0, 0.0, 0.0];[[-0.6006875649, 0.6006875649, 0.0], [0.0, -0.6006875649, 0.6006875649], [0.0, 0.0, -0.6006875649]]
271;817;145.0;62.11224;[1.0, 0.0, 0.0];[[-0.6352215013, 0.6352215013, 0.0], [0.0, -0.6352215013, 0.6352215013], [0.0, 0.0, -0.6352215013]]
272;818;145.0;62.11224;[1.0, 0.0, 0.0];[[-0.6026639152, 0.6026639152, 0.0], [0.0, -0.6026639152, 0.6026639152], [0.0, 0.0, -0.6026639152]]
273;819;145.0;62.11224;[1.0, 0.0, 0.0];[[-0.6047802115, 0.6047802115, 0.0], [0.0, -0.6047802115, 0.6047802115], [0.0, 0.0, -0.6047802115]]
274;820;145.0;62.11224;[1.0, 0.0, 0.0];[[-0.6025734924, 0.6025734924, 0.0], [0.0, -0.6025734924, 0.6025734924], [0.0, 0.0, -0.6025734924]]
275;821;145.0;62.11224;[1.0, 0.0, 0.0];[[-0.6300274011, 0.6300274011, 0.0], [0.0, -0.6300274011, 0.6300274011], [0.0, 0.0, -0.6300274011]]
276;822;145.0;62.11224;[1.0, 0.0, 0.0];[[-0.6471680466, 0.6471680466, 0.0], [0.0, -0.6471680466, 0.6471680466], [0.0, 0.0, -0.6471680466]]
277;823;145.0;62.11224;[1.0, 0.0, 0.0];[[-0.6062014465, 0.6062014465, 0.0], [0.0, -0.6062014465, 0.6062014465], [0.0, 0.0, -0.6062014465]]
278;824;145.0;62.11224;[1.0, 0.0, 0.0];[[-0.6412528952, 0.6412528952, 0.0], [0.0, -0.6412528952, 0.6412528952], [0.0, 0.0, -0.6412528952]]
279;825;145.0;62.11224;[1.0, 0.0, 0.0];[[-0.6243930682, 0.6243930682, 0.0], [0.0, -0.6243930682, 0.6243930682], [0.0, 0.0, -0.6243930682]]
280;826;145.0;62.11224;[1.0, 0.0, 0.0];[[-0.6206519089, 0.6206519089, 0.0], [0.0, -0.6206519089, 0.6206519089], [0.0, 0.0, -0.6206519089]]
281;827;145.0;62.11224;[1.0, 0.0, 0.0];[[-0.5935611246, 0.5935611246, 0.0], [0.0, -0.5935611246, 0.5935611246], [0.0, 0.0, -0.5935611246]]
282;828;145.0;62.11224;[1.0, 0.0, 0.0];[[-0.6047857529, 0.6047857529, 0.0], [0.0, -0.6047857529, 0.6047857529], [0.0, 0.0, -0.6047857529]]
283;829;145.0;62.11224;[1.0, 0.0, 0.0];[[-0.6168703738, 0.6168703738, 0.0], [0.0, -0.6168703738, 0.6168703738], [0.0, 0.0, -0.6168703738]]
284;830;145.0;62.11224;[1.0, 0.0, 0.0];[[-0.6324656262, 0.6324656262, 0.0], [0.0, -0.6324656262, 0.6324656262], [0.0, 0.0, -0.6324656262]]
285;831;145.0;62.11224;[1.0, 0.0, 0.0];[[-0.6196927506, 0.6196927506, 0.0], [0.0, -0.6196927506, 0.6196927506], [0.0, 0.0, -0.6196927506]]
286;832;145.0;62.11224;[1.0, 0.0, 0.0];[[-0.6113227456, 0.6113227456, 0.0], [0.0, -0.6113227456, 0.6113227456], [0.0, 0.0, -0.6113227456]]
287;833;145.0;62.11224;[1.0, 0.0, 0.0];[[-0.6041264668, 0.6041264668, 0.0], [0.0, -0.6041264668, 0.6041264668], [0.0, 0.0, -0.6041264668]]
288;834;145.0;62.11224;[1.0, 0.0, 0.0];[[-0.6271137642, 0.6271137642, 0.0], [0.0, -0.6271137642, 0.6271137642], [0.0, 0.0, -0.6271137642]]
289;835;145.0;62.11224;[1.0, 0.0, 0.0];[[-0.6362042177, 0.6362042177, 0.0], [0.0, -0.6362042177, 0.6362042177], [0.0, 0.0, -0.6362042177]]
290;836;145.0;62.11224;[1.0, 0.0, 0.0];[[-0.6176254479, 0.6176254479, 0.0], [0.0, -0.6176254479, 0.6176254479], [0.0, 0.0, -0.6176254479]]
291;837;145.0;62.11224;[1.0, 0.0, 0.0];[[-0.6168848681, 0.6168848681, 0.0], [0.0, -0.6168848681, 0.6168848681], [0.0, 0.0, -0.6168848681]]
292;838;145.0;62.11224;[1.0, 0.0, 0.0];[[-0.6111802182, 0.6111802182, 0.0], [0.0, -0.6111802182, 0.6111802182], [0.0, 0.0, -0.6111802182]]
293;839;145.0;62.11224;[1.0, 0.0, 0.0];[[-0.6386726636, 0.6386726636, 0.0], [0.0, -0.6386726636, 0.6386726636], [0.0, 0.0, -0.6386726636]]
294;840;145.0;62.11224;[1.0, 0.0, 0.0];[[-0.6023881986, 0.6023881986, 0.0], [0.0, -0.6023881986, 0.6023881986], [0.0, 0.0, -0.6023881986]]
295;841;145.0;62.11224;[1.0, 0.0, 0.0];[[-0.6058708645, 0.6058708645, 0.0], [0.0, -0.6058708645, 0.6058708645], [0.0, 0.0, -0.6058708645]]
296;842;145.0;62.11224;[1.0, 0.0, 0.0];[[-0.6027769919, 0.6027769919, 0.0], [0.0, -0.6027769919, 0.6027769919], [0.0, 0.0, -0.6027769919]]
297;843;145.0;62.11224;[1.0, 0.0, 0.0];[[-0.6130179003, 0.6130179003, 0.0], [0.0, -0.6130179003, 0.6130179003], [0.0, 0.0, -0.6130179003]]
298;844;145.0;62.11224;[1.0, 0.0, 0.0];[[-0.608715768, 0.608715768, 0.0], [0.0, -0.608715768, 0.608715768], [0.0, 0.0, -0.608715768]]
299;845;145.0;62.11224;[1.0, 0.0, 0.0];[[-0.6090464193, 0.6090464193, 0.0], [0.0, -0.6090464193, 0.6090464193], [0.0, 0.0, -0.6090464193]]
300;846;145.0;62.11224;[1.0, 0.0, 0.0];[[-0.617781869, 0.617781869, 0.0], [0.0, -0.617781869, 0.617781869], [0.0, 0.0, -0.617781869]]
301;847;145.0;62.11224;[1.0, 0.0, 0.0];[[-0.6034218313, 0.6034218313, 0.0], [0.0, -0.6034218313, 0.6034218313], [0.0, 0.0, -0.6034218313]]
302;848;145.0;62.11224;[1.0, 0.0, 0.0];[[-0.6080923129, 0.6080923129, 0.0], [0.0, -0.6080923129, 0.6080923129], [0.0, 0.0, -0.6080923129]]
303;849;145.0;62.11224;[1.0, 0.0, 0.0];[[-0.5928331558, 0.5928331558, 0.0], [0.0, -0.5928331558, 0.5928331558], [0.0, 0.0, -0.5928331558]]
304;850;145.0;62.11224;[1.0, 0.0, 0.0];[[-0.6205111319, 0.6205111319, 0.0], [0.0, -0.6205111319, 0.6205111319], [0.0, 0.0, -0.6205111319]]
305;851;145.0;62.11224;[1.0, 0.0, 0.0];[[-0.6255546077, 0.6255546077, 0.0], [0.0, -0.6255546077, 0.6255546077], [0.0, 0.0, -0.6255546077]]
306;852;145.0;62.11224;[1.0, 0.0, 0.0];[[-0.6044735159, 0.6044735159, 0.0], [0.0, -0.6044735159, 0.6044735159], [0.0, 0.0, -0.6044735159]]
307;853;145.0;62.11224;[1.0, 0.0, 0.0];[[-0.6197328921, 0.6197328921, 0.0], [0.0, -0.6197328921, 0.6197328921], [0.0, 0.0, -0.6197328921]]
308;854;145.0;62.11224;[1.0, 0.0, 0.0];[[-0.6407690224, 0.6407690224, 0.0], [0.0, -0.6407690224, 0.6407690224], [0.0, 0.0, -0.6407690224]]
309;855;145.0;62.11224;[1.0, 0.0, 0.0];[[-0.6046437057, 0.6046437057, 0.0], [0.0, -0.6046437057, 0.6046437057], [0.0, 0.0, -0.6046437057]]
310;856;145.0;62.11224;[1.0, 0.0, 0.0];[[-0.606861374, 0.606861374, 0.0], [0.0, -0.606861374, 0.606861374], [0.0, 0.0, -0.606861374]]
311;857;145.0;62.11224;[1.0, 0.0, 0.0];[[-0.5981831373, 0.5981831373, 0.0], [0.0, -0.5981831373, 0.5981831373], [0.0, 0.0, -0.5981831373]]
312;858;145.0;62.11224;[1.0, 0.0, 0.0];[[-0.613584887, 0.613584887, 0.0], [0.0, -0.613584887, 0.613584887], [0.0, 0.0, -0.613584887]]
313;859;145.0;62.11224;[1.0, 0.0, 0.0];[[-0.4219302403, 0.4219302403, 0.0], [0.0, -0.4219302403, 0.0], [0.0, 0.0, -0.2130424822]]
314;860;145.0;62.11224;[1.0, 0.0, 0.0];[[-0.63452525, 0.63452525, 0.0], [0.0, -0.63452525, 0.63452525], [0.0, 0.0, -0.63452525]]
315;861;145.0;62.11224;[1.0, 0.0, 0.0];[[-0.5987997552, 0.5987997552, 0.0], [0.0, -0.5987997552, 0.5987997552], [0.0, 0.0, -0.5987997552]]
316;862;145.0;62.11224;[1.0, 0.0, 0.0];[[-0.6204692291, 0.6204692291, 0.0], [0.0, -0.6204692291, 0.6204692291], [0.0, 0.0, -0.6204692291]]
317;863;145.0;62.11224;[1.0, 0.0, 0.0];[[-0.6176923845, 0.6176923845, 0.0], [0.0, -0.6176923845, 0.6176923845], [0.0, 0.0, -0.6176923845]]
318;864;145.0;62.11224;[1.0, 0.0, 0.0];[[-0.6138448065, 0.6138448065, 0.0], [0.0, -0.6138448065, 0.6138448065], [0.0, 0.0, -0.6138448065]]
319;865;145.0;62.11224;[1.0, 0.0, 0.0];[[-0.6060138145, 0.6060138145, 0.0], [0.0, -0.6060138145, 0.6060138145], [0.0, 0.0, -0.6060138145]]
320;866;145.0;62.11224;[1.0, 0.0, 0.0];[[-0.6043879219, 0.6043879219, 0.0], [0.0, -0.6043879219, 0.6043879219], [0.0, 0.0, -0.6043879219]]
321;867;145.0;62.11224;[1.0, 0.0, 0.0];[[-0.6192107829, 0.6192107829, 0.0], [0.0, -0.6192107829, 0.6192107829], [0.0, 0.0, -0.6192107829]]
322;868;145.0;62.11224;[1.0, 0.0, 0.0];[[-0.6039592552, 0.6039592552, 0.0], [0.0, -0.6039592552, 0.6039592552], [0.0, 0.0, -0.6039592552]]
323;869;145.0;62.11224;[1.0, 0.0, 0.0];[[-0.6011433026, 0.6011433026, 0.0], [0.0, -0.6011433026, 0.6011433026], [0.0, 0.0, -0.6011433026]]
324;870;145.0;62.11224;[1.0, 0.0, 0.0];[[-0.6170662802, 0.6170662802, 0.0], [0.0, -0.6170662802, 0.6170662802], [0.0, 0.0, -0.6170662802]]
325;871;145.0;62.11224;[1.0, 0.0, 0.0];[[-0.6043288305, 0.6043288305, 0.0], [0.0, -0.6043288305, 0.6043288305], [0.0, 0.0, -0.6043288305]]
326;872;145.0;62.11224;[1.0, 0.0, 0.0];[[-0.5939332773, 0.5939332773, 0.0], [0.0, -0.5939332773, 0.5939332773], [0.0, 0.0, -0.5939332773]]
327;873;145.0;62.11224;[1.0, 0.0, 0.0];[[-0.401025443, 0.401025443, 0.0], [0.0, -0.401025443, 0.0], [0.0, 0.0, -0.2020785027]]
328;874;145.0;62.11224;[1.0, 0.0, 0.0];[[-0.6301963042, 0.6301963042, 0.0], [0.0, -0.6301963042, 0.6301963042], [0.0, 0.0, -0.6301963042]]
329;875;145.0;62.11224;[1.0, 0.0, 0.0];[[-0.6072315357, 0.6072315357, 0.0], [0.0, -0.6072315357, 0.6072315357], [0.0, 0.0, -0.6072315357]]
330;876;145.0;62.11224;[1.0, 0.0, 0.0];[[-0.6400773413, 0.6400773413, 0.0], [0.0, -0.6400773413, 0.6400773413], [0.0, 0.0, -0.6400773413]]
331;877;145.0;62.11224;[1.0, 0.0, 0.0];[[-0.5979020609, 0.5979020609, 0.0], [0.0, -0.5979020609, 0.5979020609], [0.0, 0.0, -0.5979020609]]
332;878;145.0;62.11224;[1.0, 0.0, 0.0];[[-0.6190091994, 0.6190091994, 0.0], [0.0, -0.6190091994, 0.6190091994], [0.0, 0.0, -0.6190091994]]
333;879;145.0;62.11224;[1.0, 0.0, 0.0];[[-0.6491400849, 0.6491400849, 0.0], [0.0, -0.6491400849, 0.6491400849], [0.0, 0.0, -0.6491400849]]
334;880;145.0;62.11224;[1.0, 0.0, 0.0];[[-0.6092830439, 0.6092830439, 0.0], [0.0, -0.6092830439, 0.6092830439], [0.0, 0.0, -0.6092830439]]
335;881;145.0;62.11224;[1.0, 0.0, 0.0];[[-0.6132085056, 0.6132085056, 0.0], [0.0, -0.6132085056, 0.6132085056], [0.0, 0.0, -0.6132085056]]
336;882;145.0;62.11224;[1.0, 0.0, 0.0];[[-0.6234361857, 0.6234361857, 0.0], [0.0, -0.6234361857, 0.6234361857], [0.0, 0.0, -0.6234361857]]
337;883;145.0;62.11224;[1.0, 0.0, 0.0];[[-0.6163564947, 0.6163564947, 0.0], [0.0, -0.6163564947, 0.6163564947], [0.0, 0.0, -0.6163564947]]
338;884;145.0;62.11224;[1.0, 0.0, 0.0];[[-0.5950539119, 0.5950539119, 0.0], [0.0, -0.5950539119, 0.5950539119], [0.0, 0.0, -0.5950539119]]
339;885;145.0;62.11224;[1.0, 0.0, 0.0];[[-0.6089859967, 0.6089859967, 0.0], [0.0, -0.6089859967, 0.6089859967], [0.0, 0.0, -0.6089859967]]
340;886;145.0;62.11224;[1.0, 0.0, 0.0];[[-0.6074162679, 0.6074162679, 0.0], [0.0, -0.6074162679, 0.6074162679], [0.0, 0.0, -0.6074162679]]
341;887;145.0;62.11224;[1.0, 0.0, 0.0];[[-0.6395861878, 0.6395861878, 0.0], [0.0, -0.6395861878, 0.6395861878], [0.0, 0.0, -0.6395861878]]
342;888;145.0;62.11224;[1.0, 0.0, 0.0];[[-0.5789838056, 0.5789838056, 0.0], [0.0, -0.5789838056, 0.5789838056], [0.0, 0.0, -0.5789838056]]
343;889;145.0;62.11224;[1.0, 0.0, 0.0];[[-0.594285645, 0.594285645, 0.0], [0.0, -0.594285645, 0.594285645], [0.0, 0.0, -0.594285645]]
344;890;145.0;62.11224;[1.0, 0.0, 0.0];[[-0.6124260095, 0.6124260095, 0.0], [0.0, -0.6124260095, 0.6124260095], [0.0, 0.0, -0.6124260095]]
345;891;145.0;62.11224;[1.0, 0.0, 0.0];[[-0.6167707604, 0.6167707604, 0.0], [0.0, -0.6167707604, 0.6167707604], [0.0, 0.0, -0.6167707604]]
346;892;145.0;62.11224;[1.0, 0.0, 0.0];[[-0.6092737225, 0.6092737225, 0.0], [0.0, -0.6092737225, 0.6092737225], [0.0, 0.0, -0.6092737225]]
347;893;145.0;62.11224;[1.0, 0.0, 0.0];[[-0.6201153701, 0.6201153701, 0.0], [0.0, -0.6201153701, 0.6201153701], [0.0, 0.0, -0.6201153701]]
348;894;145.0;62.11224;[1.0, 0.0, 0.0];[[-0.6089888042, 0.6089888042, 0.0], [0.0, -0.6089888042, 0.6089888042], [0.0, 0.0, -0.6089888042]]
349;895;145.0;62.11224;[1.0, 0.0, 0.0];[[-0.6025155447, 0.6025155447, 0.0], [0.0, -0.6025155447, 0.6025155447], [0.0, 0.0, -0.6025155447]]
350;896;145.0;62.11224;[1.0, 0.0, 0.0];[[-0.4293381384, 0.4293381384, 0.0], [0.0, -0.4293381384, 0.0], [0.0, 0.0, -0.220687632]]
351;897;145.0;62.11224;[1.0, 0.0, 0.0];[[-0.6326577539, 0.6326577539, 0.0], [0.0, -0.6326577539, 0.6326577539], [0.0, 0.0, -0.6326577539]]
352;898;145.0;62.11224;[1.0, 0.0, 0.0];[[-0.6087587954, 0.6087587954, 0.0], [0.0, -0.6087587954, 0.6087587954], [0.0, 0.0, -0.6087587954]]
353;899;145.0;62.11224;[1.0, 0.0, 0.0];[[-0.6229908936, 0.6229908936, 0.0], [0.0, -0.6229908936, 0.6229908936], [0.0, 0.0, -0.6229908936]]
354;900;145.0;62.11224;[1.0, 0.0, 0.0];[[-0.6087210217, 0.6087210217, 0.0], [0.0, -0.6087210217, 0.6087210217], [0.0, 0.0, -0.6087210217]]
355;901;145.0;62.11224;[1.0, 0.0, 0.0];[[-0.6118461058, 0.6118461058, 0.0], [0.0, -0.6118461058, 0.6118461058], [0.0, 0.0, -0.6118461058]]
356;902;145.0;62.11224;[1.0, 0.0, 0.0];[[-0.415941904, 0.415941904, 0.0], [0.0, -0.415941904, 0.0], [0.0, 0.0, -0.2118750616]]
357;903;145.0;62.11224;[1.0, 0.0, 0.0];[[-0.6157310826, 0.6157310826, 0.0], [0.0, -0.6157310826, 0.6157310826], [0.0, 0.0, -0.6157310826]]
358;904;145.0;62.11224;[1.0, 0.0, 0.0];[[-0.6082843842, 0.6082843842, 0.0], [0.0, -0.6082843842, 0.6082843842], [0.0, 0.0, -0.6082843842]]
359;905;145.0;62.11224;[1.0, 0.0, 0.0];[[-0.6112780431, 0.6112780431, 0.0], [0.0, -0.6112780431, 0.6112780431], [0.0, 0.0, -0.6112780431]]
360;906;145.0;62.11224;[1.0, 0.0, 0.0];[[-0.6216085919, 0.6216085919, 0.0], [0.0, -0.6216085919, 0.6216085919], [0.0, 0.0, -0.6216085919]]
