615	369	0.149359	9999999.0	0.0	0.0	0	13	4	[]4
71	390	0.7653806	7466.0	3442.0	0.9723013374811678	128	5	1	[471, 812, 700, 698, 688, 686, 676, 674, 605, 603, 396, 395, 394, 393, 392, 391, 390]3
3	781	24.3705464	13481.0	6632.0	0.8168276380228229	3261	336	1130	[33, 579, 574, 573, 567, 564, 563, 562, 550, 549, 547, 617, 615, 598, 431, 430, 427, 426, 425, 424, 423, 422, 421, 420, 753, 748, 749, 745, 791, 787, 782, 781]6
1	932	81.2434492	9999999.0	0.0	0.0	0	2190	12371	[]3
93	897	11.2745548	14517.0	6381.0	0.8561687166026325	644	584	972	[393, 394, 599, 601, 670, 672, 682, 684, 410, 694, 696, 808, 810, 816, 469, 468, 467, 457, 466, 854, 855, 862, 889, 890, 896, 442, 897]7
88	517	64.0395994	9999999.0	0.0	0.0	0	1902	9304	[]1
95	882	3.209689	16443.0	6983.0	0.9920066320460132	450	93	62	[195, 741, 747, 745, 756, 767, 583, 394, 599, 601, 670, 672, 682, 684, 410, 694, 696, 808, 810, 816, 469, 468, 467, 457, 466, 465, 464, 463, 882]4
9	901	0.4055726	6979.0	3434.0	0.9979082835400772	65	0	0	[49, 595, 611, 613, 553, 434, 435, 495, 494, 493, 492, 496, 497, 532, 531, 530, 528, 527, 525, 540, 901]5
61	896	1.1843965	9585.0	4147.0	0.9895098309323132	71	64	81	[561, 566, 498, 568, 572, 576, 577, 644, 651, 451, 450, 449, 448, 447, 446, 445, 444, 443, 442, 896]7
68	463	1.6858581	9999999.0	0.0	0.0	0	133	162	[]3
94	349	0.1046205	9999999.0	0.0	0.0	0	10	2	[]2
	780	4.0093693	11925.0	5310.0	0.8279941804272976	533	99	177	[2, 548, 546, 620, 619, 597, 598, 431, 430, 427, 426, 425, 424, 423, 422, 421, 420, 419, 418, 738, 739, 737, 783, 782, 781, 780]2
	29	883	1.2050241	13232.0	5271.0	0.8409422567148879	141	43	31	[229, 775, 589, 591, 608, 610, 679, 403, 404, 405, 406, 407, 408, 537, 473, 472, 471, 470, 469, 468, 467, 457, 466, 465, 464, 880, 883]3
70	365	382.0098325	22501.0	10389.0	0.804973531690036	6516	5696	52085	[370, 916, 781, 786, 794, 802, 708, 390, 714, 720, 726, 730, 413, 734, 733, 695, 694, 699, 698, 537, 703, 702, 477, 476, 503, 504, 505, 506, 507, 508, 666, 668, 667, 849, 853, 906, 907, 911, 365]8
49	378	1.428519199	16589.0	6744.0	0.8343653966442071	198	22	11	[849, 850, 668, 666, 508, 507, 506, 505, 504, 503, 476, 477, 478, 479, 485, 534, 486, 487, 404, 403, 402, 605, 603, 396, 395, 394, 393, 392, 391, 390, 387, 389, 924, 378]5
26	781	15.3715016	9999999.0	0.0	0.0	0	698	2121	[]5
62	929	0.826905499	14958.0	4039.0	0.8873308700976891	58	42	34	[562, 563, 564, 567, 573, 574, 527, 525, 526, 542, 902, 515, 516, 517, 929]1
4	353	3.5460683	11501.0	4325.0	0.8873714985335023	384	88	196	[14, 560, 493, 492, 496, 497, 532, 531, 530, 528, 529, 522, 544, 523, 524, 451, 450, 449, 448, 447, 446, 445, 444, 443, 442, 897, 899, 353]2
78	384	0.370790101	10653.0	4499.0	0.9948282127858085	57	1	0	[278, 824, 648, 647, 652, 651, 524, 656, 655, 659, 901, 541, 902, 515, 905, 930, 384]5
07	389	1.023527	9999999.0	0.0	0.0	0	76	92	[]3
52	785	2.443233401	18890.0	8475.0	0.9999946508425698	458	1	0	[352, 898, 890, 889, 862, 855, 845, 835, 455, 833, 828, 818, 819, 817, 811, 865, 736, 732, 414, 726, 720, 714, 390, 387, 801, 793, 785]2
17	347	5.562073	14116.0	6150.0	0.8917818461634667	668	149	211	[217, 763, 772, 423, 424, 425, 440, 439, 438, 437, 534, 485, 479, 478, 477, 476, 503, 504, 505, 506, 507, 508, 666, 668, 850, 852, 859, 887, 893, 347]5
61	239	4.9828079	11437.0	4446.0	0.8089410676451898	308	255	405	[561, 492, 493, 494, 495, 435, 436, 437, 535, 536, 398, 397, 396, 395, 394, 393, 392, 391, 390, 387, 801, 793, 785, 239]6
60	920	33.4454422	14210.0	5813.0	0.8231553855432935	354	1372	4433	[660, 657, 658, 508, 507, 506, 505, 504, 503, 502, 632, 628, 478, 479, 485, 534, 437, 438, 439, 440, 425, 424, 423, 422, 421, 420, 419, 418, 417, 920]2
25	348	1.1939752	13779.0	5993.0	0.9440781120786863	221	0	0	[225, 771, 585, 587, 396, 603, 605, 674, 676, 686, 688, 698, 700, 812, 471, 470, 469, 468, 467, 457, 466, 465, 861, 888, 894, 348]2
84	376	6.535396599	9999999.0	0.0	0.0	0	372	844	[]7
23	911	15.2304964	13749.0	6373.0	0.8021977820901944	2033	391	662	[723, 727, 683, 682, 687, 686, 406, 691, 693, 692, 478, 477, 476, 503, 504, 505, 506, 507, 508, 509, 510, 520, 518, 667, 849, 853, 906, 907, 911]8
93	379	0.6961821	16103.0	7214.0	0.9995944791554751	109	0	0	[893, 887, 859, 852, 848, 664, 662, 654, 649, 647, 648, 824, 637, 814, 470, 815, 810, 811, 865, 736, 732, 414, 415, 416, 925, 379]3
93	910	8.126037001	9999999.0	0.0	0.0	0	476	1059	[]1
49	930	6.907952501	9999999.0	0.0	0.0	0	439	775	[]2
14	443	26.9192178	9999999.0	0.0	0.0	0	1197	3562	[]8
75	378	1.1608072	14139.0	6017.0	0.9999999999263116	189	0	0	[875, 461, 460, 873, 870, 867, 864, 732, 414, 726, 720, 714, 390, 387, 389, 924, 378]9
6	801	1.0536681	11080.0	4279.0	0.8133040004785238	181	12	11	[96, 642, 643, 505, 504, 503, 476, 477, 478, 479, 485, 534, 486, 487, 404, 403, 402, 397, 396, 395, 394, 393, 392, 391, 390, 387, 801]9
17	911	230.7472977	9999999.0	0.0	0.0	0	3571	36139	[]6
08	894	1.138286699	12208.0	4738.0	0.9917679769453402	177	27	11	[608, 610, 679, 403, 404, 405, 406, 407, 408, 537, 473, 472, 471, 470, 469, 468, 467, 457, 466, 465, 861, 888, 894]1
71	892	0.4654218	9999999.0	0.0	0.0	0	42	34	[]3
65	255	56.2557352	17742.0	7632.0	0.8235137908790863	461	1716	8217	[365, 911, 907, 906, 853, 849, 850, 668, 666, 508, 507, 506, 505, 504, 503, 476, 477, 478, 479, 485, 534, 486, 487, 404, 403, 402, 397, 396, 395, 394, 393, 392, 391, 390, 387, 801, 255]2
17	911	32.5160742	14164.0	6363.0	0.8555759830515667	5102	216	968	[217, 763, 772, 423, 424, 425, 426, 593, 595, 594, 616, 618, 551, 552, 559, 560, 493, 492, 496, 497, 532, 531, 530, 528, 527, 525, 526, 542, 902, 515, 516, 517, 911]5
25	248	8.779906801	9999999.0	0.0	0.0	0	477	1164	[]9
8	914	0.0230692	9999999.0	0.0	0.0	0	1	0	[]
