760	375	0.0262226	4517.0	2168.0	0.9976980011914306	37	22	31	0	[760, 759, 757, 748, 753, 751, 742, 921, 375]
216	267	8.5598715	8115.0	3644.0	0.9863416999826605	182	20	81	0	[216, 762, 764, 773, 775, 589, 400, 399, 397, 402, 403, 404, 405, 406, 407, 408, 409, 699, 701, 813, 267]
896	476	0.237618	9072.0	3267.0	0.9962623227529154	224	103	193	0	[896, 442, 443, 444, 445, 446, 447, 448, 449, 507, 506, 505, 504, 503, 476]
273	83	97.4333634	6557.0	2762.0	0.9284411978178324	58	494	522	0	[273, 819, 818, 468, 469, 470, 471, 472, 474, 475, 476, 502, 501, 500, 635, 630, 488, 629, 83]
477	447	0.0052781	4665.0	1813.0	0.9999991655696592	42	3	21	0	[477, 476, 503, 504, 505, 506, 507, 449, 448, 447]
817	69	377.569038	8313.0	3467.0	0.9743965951838427	1082	691	1108	0	[817, 816, 469, 470, 471, 472, 474, 475, 476, 477, 478, 479, 485, 534, 437, 436, 553, 434, 551, 617, 615, 69]
917	158	38.1747888	11040.0	5774.0	0.9543272930658668	267	2	79	0	[917, 782, 787, 789, 795, 797, 803, 807, 583, 604, 603, 605, 402, 403, 404, 487, 681, 691, 693, 692, 702, 704, 158]
787	487	1.8944717	6359.0	3001.0	0.9760646202645437	105	43	70	0	[787, 789, 795, 797, 803, 807, 583, 587, 396, 397, 402, 403, 404, 487]
662	901	0.011985	3042.0	1486.0	0.9862229034597447	42	59	70	0	[662, 448, 449, 507, 508, 509, 657, 660, 901]
864	756	0.0502859	8687.0	3776.0	0.9999998707875907	149	56	100	0	[864, 732, 414, 726, 720, 714, 390, 708, 710, 806, 804, 803, 797, 799, 756]
220	194	0.002257	3578.0	1558.0	0.9997728791872869	29	1	11	0	[220, 766, 422, 421, 420, 419, 751, 746, 740, 194]
516	443	0.003212	6468.0	2771.0	0.9805676173062475	29	19	27	0	[516, 907, 906, 860, 859, 858, 445, 444, 443]
142	416	0.0160405	5779.0	2009.0	0.9999983213459183	74	6	36	0	[142, 688, 689, 409, 410, 411, 412, 413, 414, 415, 416]
244	61	2.4575734	9999999.0	2009.0	0.0	0	388	395	0	[]
449	222	42.5378894	9145.0	4015.0	0.9925470959216239	317	11	116	0	[449, 450, 654, 652, 645, 506, 505, 504, 503, 476, 477, 478, 479, 485, 534, 486, 487, 404, 403, 402, 397, 399, 400, 584, 770, 768, 222]
728	352	0.1035822	12318.0	5607.0	0.9906763526716252	264	5	80	0	[728, 730, 413, 734, 736, 865, 868, 819, 818, 828, 456, 830, 835, 845, 855, 862, 889, 890, 898, 352]
215	60	0.6735145	5193.0	2623.0	0.9112601840083537	100	64	93	0	[215, 761, 762, 764, 773, 775, 589, 400, 584, 586, 603, 605, 606, 60]
210	143	0.0095219	6030.0	2923.0	0.9971466964814075	42	9	23	0	[210, 756, 767, 583, 394, 599, 601, 670, 672, 682, 684, 689, 143]
851	830	0.0072354	5557.0	2560.0	0.998653445477634	35	25	33	0	[851, 852, 848, 446, 847, 846, 845, 835, 830]
734	381	0.0380992	12257.0	4796.0	0.9826059984731207	107	29	73	0	[734, 736, 865, 811, 817, 819, 829, 467, 457, 466, 465, 464, 463, 462, 927, 381]
495	807	0.0144232	5467.0	2434.0	0.9329709191263053	38	1	12	0	[495, 435, 436, 437, 535, 536, 398, 397, 396, 587, 583, 807]
382	781	174.1723865	24968.0	8720.0	0.9761133368721049	1578	134	607	0	[382, 928, 441, 442, 443, 444, 885, 857, 847, 843, 841, 650, 648, 641, 639, 634, 503, 476, 477, 478, 479, 485, 534, 486, 487, 404, 403, 402, 397, 396, 587, 583, 807, 803, 804, 798, 794, 786, 781]
52	56	0.1046043	9999999.0	8720.0	0.0	0	162	154	0	[]
48	305	0.2155994	8666.0	4187.0	0.960420567518171	144	2	51	0	[48, 594, 616, 618, 551, 552, 559, 560, 493, 492, 496, 497, 532, 531, 530, 528, 529, 522, 521, 510, 520, 518, 667, 849, 851, 305]
872	621	154.2333532	9999999.0	4187.0	0.0	0	725	988	0	[]
464	763	47.8693668	13301.0	4858.0	0.9576741286039256	150	191	271	0	[464, 465, 466, 457, 467, 468, 469, 470, 471, 472, 474, 475, 476, 477, 478, 479, 485, 534, 437, 438, 439, 440, 425, 424, 423, 422, 763]
671	299	0.0299705	7593.0	3577.0	0.991788603866472	95	15	44	0	[671, 673, 683, 682, 684, 410, 694, 696, 808, 810, 816, 818, 828, 456, 830, 835, 845, 299]
183	279	0.0220084	5417.0	2466.0	0.9305814000558423	94	24	54	0	[183, 729, 685, 684, 410, 694, 696, 808, 813, 812, 471, 814, 820, 825, 279]
476	545	0.0240823	4548.0	2423.0	0.9999999298158657	166	2	48	0	[476, 503, 504, 505, 643, 642, 577, 579, 581, 540, 525, 545]
24	650	0.0046664	3319.0	1637.0	0.9859322571607959	29	14	22	0	[24, 570, 633, 504, 638, 639, 641, 648, 650]
232	110	7.3537857	7765.0	3231.0	0.9665097436551703	336	10	113	0	[232, 778, 426, 427, 430, 431, 432, 433, 434, 435, 495, 494, 493, 492, 496, 497, 532, 531, 530, 528, 529, 522, 544, 523, 646, 656, 110]
219	471	16.1712859	9999999.0	3231.0	0.0	0	292	321	0	[]
578	518	0.0011768	2230.0	1072.0	0.9996739644490151	21	5	11	0	[578, 655, 657, 509, 510, 520, 518]
612	910	12.6797346	11911.0	5499.0	0.9996957140055425	611	400	652	0	[612, 614, 438, 437, 534, 485, 479, 478, 477, 476, 503, 504, 505, 506, 507, 508, 666, 668, 850, 852, 859, 860, 909, 910]
108	849	0.0035475	3178.0	1605.0	0.9986796951639069	47	8	23	0	[108, 654, 662, 448, 661, 663, 668, 850, 849]
167	71	96.9923882	7696.0	3745.0	0.9125492776257224	96	484	530	0	[167, 713, 714, 716, 715, 600, 599, 604, 603, 398, 536, 609, 614, 438, 613, 618, 433, 617, 71]
385	321	3.8055393	9999999.0	3745.0	0.0	0	65	81	0	[]
236	609	20.7038454	7138.0	3227.0	0.9041302626012455	278	88	180	0	[236, 782, 787, 791, 799, 756, 767, 771, 585, 587, 396, 397, 398, 536, 609]
541	749	155.4897225	11705.0	4886.0	0.9761293672896207	193	891	1132	0	[541, 526, 525, 527, 528, 530, 531, 532, 497, 496, 492, 493, 494, 495, 435, 434, 433, 432, 431, 430, 427, 426, 425, 424, 423, 422, 421, 420, 753, 748, 749]
491	660	0.0796195	4232.0	1737.0	0.9998150592195547	148	31	87	0	[491, 492, 496, 497, 532, 531, 530, 528, 529, 522, 521, 510, 511, 660]
175	370	0.0270907	7894.0	3409.0	0.9999880766198761	86	47	66	0	[175, 721, 717, 715, 392, 391, 390, 708, 802, 794, 786, 781, 916, 370]
386	503	0.6585612	7450.0	2870.0	0.9066380057929468	65	88	119	0	[386, 932, 533, 514, 513, 512, 511, 510, 509, 508, 507, 506, 505, 504, 503]
898	584	14.076555037	13383.0	6350.0	0.979789459374784	181	4	58	0	[898, 896, 891, 884, 856, 846, 838, 836, 826, 824, 637, 706, 474, 705, 703, 538, 693, 691, 681, 487, 404, 403, 402, 397, 399, 400, 584]
786	435	110.489080703	9298.0	3644.0	0.9534843723750227	610	1050	1591	0	[786, 794, 802, 708, 390, 391, 392, 393, 394, 395, 396, 397, 398, 536, 535, 437, 436, 435]
760	375	0.01597025	4517.0	2168.0	0.9976980011914306	37	22	31	0	[760, 759, 757, 748, 753, 751, 742, 921, 375]
216	267	5.082740691	8115.0	3644.0	0.9863416999826605	182	20	81	0	[216, 762, 764, 773, 775, 589, 400, 399, 397, 402, 403, 404, 405, 406, 407, 408, 409, 699, 701, 813, 267]
896	476	0.153965826	9072.0	3267.0	0.9962623227529154	224	103	193	0	[896, 442, 443, 444, 445, 446, 447, 448, 449, 507, 506, 505, 504, 503, 476]
760	375	0.015667215	4517.0	2168.0	0.9976980011914306	37	22	31	0	[760, 759, 757, 748, 753, 751, 742, 921, 375]
760	375	0.018205175	4517.0	2168.0	0.9976980011914306	37	22	31	0	[760, 759, 757, 748, 753, 751, 742, 921, 375]
216	267	5.084641101	8115.0	3644.0	0.9863416999826605	182	20	81	0	[216, 762, 764, 773, 775, 589, 400, 399, 397, 402, 403, 404, 405, 406, 407, 408, 409, 699, 701, 813, 267]
896	476	0.186288348	9072.0	3267.0	0.9962623227529154	224	103	193	0	[896, 442, 443, 444, 445, 446, 447, 448, 449, 507, 506, 505, 504, 503, 476]
760	375	0.018603685	4517.0	2168.0	0.9976980011914306	37	22	31	0	[760, 759, 757, 748, 753, 751, 742, 921, 375]
760	375	0.02100042	4517.0	2168.0	0.9976980011914306	37	22	31	0	[760, 759, 757, 748, 753, 751, 742, 921, 375]
216	267	5.635184812	8115.0	3644.0	0.9863416999826605	182	20	81	0	[216, 762, 764, 773, 775, 589, 400, 399, 397, 402, 403, 404, 405, 406, 407, 408, 409, 699, 701, 813, 267]
896	476	0.186671206	9072.0	3267.0	0.9962623227529154	224	103	193	0	[896, 442, 443, 444, 445, 446, 447, 448, 449, 507, 506, 505, 504, 503, 476]
216	267	5.625278781	8115.0	3644.0	0.9863416999826605	182	20	81	0	[216, 762, 764, 773, 775, 589, 400, 399, 397, 402, 403, 404, 405, 406, 407, 408, 409, 699, 701, 813, 267]
896	476	0.197816284	9072.0	3267.0	0.9962623227529154	224	103	193	0	[896, 442, 443, 444, 445, 446, 447, 448, 449, 507, 506, 505, 504, 503, 476]
760	375	0.015903688	4517.0	2168.0	0.9976980011914306	37	22	31	0	[760, 759, 757, 748, 753, 751, 742, 921, 375]
216	267	5.131658763	8115.0	3644.0	0.9863416999826605	182	20	81	0	[216, 762, 764, 773, 775, 589, 400, 399, 397, 402, 403, 404, 405, 406, 407, 408, 409, 699, 701, 813, 267]
896	476	0.178456263	9072.0	3267.0	0.9962623227529154	224	103	193	0	[896, 442, 443, 444, 445, 446, 447, 448, 449, 507, 506, 505, 504, 503, 476]
760	375	0.025790607	4517.0	2168.0	0.9976980011914306	37	22	31	0	[760, 759, 757, 748, 753, 751, 742, 921, 375]
216	267	5.233817325	8115.0	3644.0	0.9863416999826605	182	20	81	0	[216, 762, 764, 773, 775, 589, 400, 399, 397, 402, 403, 404, 405, 406, 407, 408, 409, 699, 701, 813, 267]
216	267	5.119976276	8115.0	3644.0	0.9863416999826605	182	20	81	0	[216, 762, 764, 773, 775, 589, 400, 399, 397, 402, 403, 404, 405, 406, 407, 408, 409, 699, 701, 813, 267]
216	267	5.279987305	8115.0	3644.0	0.9863416999826605	182	20	81	0	[216, 762, 764, 773, 775, 589, 400, 399, 397, 402, 403, 404, 405, 406, 407, 408, 409, 699, 701, 813, 267]
216	267	4.982709243	8115.0	3644.0	0.9863416999826605	182	20	81	0	[216, 762, 764, 773, 775, 589, 400, 399, 397, 402, 403, 404, 405, 406, 407, 408, 409, 699, 701, 813, 267]
216	267	5.082877176	8115.0	3644.0	0.9863416999826605	182	20	81	0	[216, 762, 764, 773, 775, 589, 400, 399, 397, 402, 403, 404, 405, 406, 407, 408, 409, 699, 701, 813, 267]
216	267	5.303542573	8115.0	3644.0	0.9863416999826605	182	20	81	0	[216, 762, 764, 773, 775, 589, 400, 399, 397, 402, 403, 404, 405, 406, 407, 408, 409, 699, 701, 813, 267]
216	267	5.210505661	8115.0	3644.0	0.9863416999826605	182	20	81	0	[216, 762, 764, 773, 775, 589, 400, 399, 397, 402, 403, 404, 405, 406, 407, 408, 409, 699, 701, 813, 267]
216	267	5.239121634	8115.0	3644.0	0.9863416999826605	182	20	81	0	[216, 762, 764, 773, 775, 589, 400, 399, 397, 402, 403, 404, 405, 406, 407, 408, 409, 699, 701, 813, 267]
216	267	4.562954654	8115.0	3644.0	0.9863416999826605	182	18	3	[216, 762, 764, 773, 775, 589, 400, 399, 397, 402, 403, 404, 405, 406, 407, 408, 409, 699, 701, 813, 267]
216	267	4.702193321	8115.0	3644.0	0.9863416999826605	182	18	3	[216, 762, 764, 773, 775, 589, 400, 399, 397, 402, 403, 404, 405, 406, 407, 408, 409, 699, 701, 813, 267]
216	267	0.022762621	8024.0	3909.0	0.95	125	0	0	[216, 762, 764, 773, 775, 589, 591, 608, 610, 679, 403, 404, 405, 406, 407, 408, 409, 699, 701, 813, 267]
216	267	0.025356633	8024.0	3909.0	0.95	125	0	0	[216, 762, 764, 773, 775, 589, 591, 608, 610, 679, 403, 404, 405, 406, 407, 408, 409, 699, 701, 813, 267]
216	267	0.027483379	8024.0	3909.0	0.95	125	0	0	[216, 762, 764, 773, 775, 589, 591, 608, 610, 679, 403, 404, 405, 406, 407, 408, 409, 699, 701, 813, 267]
216	267	4.555065445	8115.0	3644.0	0.9863416999826605	182	18	3	[216, 762, 764, 773, 775, 589, 400, 399, 397, 402, 403, 404, 405, 406, 407, 408, 409, 699, 701, 813, 267]
216	267	4.846596292	8115.0	3644.0	0.9863416999826605	182	18	3	[216, 762, 764, 773, 775, 589, 400, 399, 397, 402, 403, 404, 405, 406, 407, 408, 409, 699, 701, 813, 267]
216	267	5.770310305	8115.0	3644.0	0.986348358435035	182	18	3	[216, 762, 764, 773, 775, 589, 400, 399, 397, 402, 403, 404, 405, 406, 407, 408, 409, 699, 701, 813, 267]
216	267	5.985824665	8115.0	3644.0	0.986348358435035	182	18	3	[216, 762, 764, 773, 775, 589, 400, 399, 397, 402, 403, 404, 405, 406, 407, 408, 409, 699, 701, 813, 267]
216	267	5.965642523	8115.0	3644.0	0.986348358435035	182	18	3	[216, 762, 764, 773, 775, 589, 400, 399, 397, 402, 403, 404, 405, 406, 407, 408, 409, 699, 701, 813, 267]
216	267	6.050940062	8115.0	3644.0	0.986348358435035	182	18	3	[216, 762, 764, 773, 775, 589, 400, 399, 397, 402, 403, 404, 405, 406, 407, 408, 409, 699, 701, 813, 267]
216	267	5.572795843	8115.0	3644.0	0.986348358435035	182	18	3	[216, 762, 764, 773, 775, 589, 400, 399, 397, 402, 403, 404, 405, 406, 407, 408, 409, 699, 701, 813, 267]
216	267	5.680161041	8115.0	3644.0	0.986348358435035	182	18	3	[216, 762, 764, 773, 775, 589, 400, 399, 397, 402, 403, 404, 405, 406, 407, 408, 409, 699, 701, 813, 267]
216	267	5.782856078	8115.0	3644.0	0.986348358435035	182	18	3	[216, 762, 764, 773, 775, 589, 400, 399, 397, 402, 403, 404, 405, 406, 407, 408, 409, 699, 701, 813, 267]
216	267	5.600860378	8115.0	3644.0	0.986348358435035	182	18	3	[216, 762, 764, 773, 775, 589, 400, 399, 397, 402, 403, 404, 405, 406, 407, 408, 409, 699, 701, 813, 267]
216	267	5.637960887	8115.0	3644.0	0.986348358435035	182	18	3	[216, 762, 764, 773, 775, 589, 400, 399, 397, 402, 403, 404, 405, 406, 407, 408, 409, 699, 701, 813, 267]
896	476	0.248044838	9072.0	3267.0	0.9962640750967554	224	64	76	[896, 442, 443, 444, 445, 446, 447, 448, 449, 507, 506, 505, 504, 503, 476]
896	476	0.235954875	9072.0	3267.0	0.9962640750967554	224	64	76	[896, 442, 443, 444, 445, 446, 447, 448, 449, 507, 506, 505, 504, 503, 476]
216	267	5.638025794	8115.0	3644.0	0.986348358435035	182	18	3	[216, 762, 764, 773, 775, 589, 400, 399, 397, 402, 403, 404, 405, 406, 407, 408, 409, 699, 701, 813, 267]
896	476	0.155998557	9072.0	3267.0	0.9962640750967554	224	64	76	[896, 442, 443, 444, 445, 446, 447, 448, 449, 507, 506, 505, 504, 503, 476]
273	83	26.579290309	6557.0	2762.0	0.9284757138092101	58	224	525	[273, 819, 818, 468, 469, 470, 471, 472, 474, 475, 476, 502, 501, 500, 635, 630, 488, 629, 83]
477	447	0.004552587	4665.0	1813.0	0.9999991668909788	42	3	12	[477, 476, 503, 504, 505, 506, 507, 449, 448, 447]
817	69	121.732761842	8313.0	3467.0	0.9744020124351759	1082	409	723	[817, 816, 469, 470, 471, 472, 474, 475, 476, 477, 478, 479, 485, 534, 437, 436, 553, 434, 551, 617, 615, 69]
917	158	9.585000554	11040.0	5774.0	0.9543386264424891	267	2	0	[917, 782, 787, 789, 795, 797, 803, 807, 583, 604, 603, 605, 402, 403, 404, 487, 681, 691, 693, 692, 702, 704, 158]
787	487	1.21318626	6359.0	3001.0	0.9760674508841842	105	27	23	[787, 789, 795, 797, 803, 807, 583, 587, 396, 397, 402, 403, 404, 487]
216	267	5.658586292	8115.0	3644.0	0.986348358435035	182	18	3	[216, 762, 764, 773, 775, 589, 400, 399, 397, 402, 403, 404, 405, 406, 407, 408, 409, 699, 701, 813, 267]
896	476	0.166297135	9072.0	3267.0	0.9962640750967554	224	64	76	[896, 442, 443, 444, 445, 446, 447, 448, 449, 507, 506, 505, 504, 503, 476]
216	267	5.527964923	8115.0	3644.0	0.986348358435035	182	18	3	[216, 762, 764, 773, 775, 589, 400, 399, 397, 402, 403, 404, 405, 406, 407, 408, 409, 699, 701, 813, 267]
896	476	0.165558139	9072.0	3267.0	0.9962640750967554	224	64	76	[896, 442, 443, 444, 445, 446, 447, 448, 449, 507, 506, 505, 504, 503, 476]
273	83	25.611182342	6557.0	2762.0	0.9284757138092101	58	224	525	[273, 819, 818, 468, 469, 470, 471, 472, 474, 475, 476, 502, 501, 500, 635, 630, 488, 629, 83]
477	447	0.002537695	4665.0	1813.0	0.9999991668909788	42	3	12	[477, 476, 503, 504, 505, 506, 507, 449, 448, 447]
1	1	3.8229E-5	0.0	0.0	1.0	0	0	0	[1]
761	376	0.016734024	4798.0	1644.0	1.0	49	0	0	[761, 421, 420, 419, 418, 417, 922, 376]
