Time(s)	Cost(PB)	Time	P(T<T_max)	Bound	Infeasibility	Dominance	Path
899	585	0.01565694808959961	13295.0	7300.0	0.7913	64	39	82	[899, 897, 892, 885, 857, 847, 839, 837, 827, 825, 638, 707, 475, 706, 704, 539, 694, 692, 682, 488, 405, 404, 403, 398, 400, 587, 585]
787	436	0.01570725440979004	8543.0	4829.0	0.5942	7	42	15	[787, 795, 799, 805, 804, 808, 584, 588, 397, 398, 399, 537, 536, 438, 437, 436]
924	540	0.015588045120239258	10099.0	5403.0	0.8198	23	108	174	[924, 919, 784, 738, 746, 750, 759, 761, 770, 772, 586, 588, 397, 604, 399, 537, 536, 438, 540]
746	69	0.01564812660217285	5897.0	3376.0	0.6287	16	103	188	[746, 750, 759, 761, 770, 772, 586, 588, 397, 604, 399, 537, 610, 615, 69]
370	594	0.015717267990112305	9583.0	4879.0	0.6413	1	50	18	[370, 916, 917, 782, 783, 788, 792, 746, 750, 749, 754, 421, 422, 423, 424, 425, 426, 427, 594]
393	626	0.015712499618530273	5327.0	3153.0	0.6191	23	55	49	[393, 394, 395, 396, 397, 604, 399, 537, 610, 615, 622, 555, 624, 626]
15	442	0.015590906143188477	10570.0	4769.0	0.6768	64	54	161	[15, 561, 494, 493, 497, 498, 533, 532, 531, 573, 577, 578, 645, 652, 452, 451, 450, 449, 448, 447, 446, 445, 444, 443, 442]
678	423	0.015517234802246094	5446.0	3117.0	0.6322	38	105	283	[678, 677, 406, 405, 404, 680, 611, 609, 608, 591, 589, 775, 773, 424, 423]
924	436	0.015717744827270508	10696.0	5715.0	0.7402	68	132	360	[924, 919, 920, 740, 739, 419, 420, 421, 422, 423, 424, 425, 426, 427, 594, 596, 612, 614, 554, 435, 436]
780	47	0.015711069107055664	9912.0	5034.0	0.6686	1	54	19	[780, 781, 782, 783, 788, 792, 746, 750, 749, 754, 421, 422, 423, 424, 425, 426, 427, 594, 593, 47]
327	858	0.0	7064.0	3289.0	0.798	4	34	19	[327, 873, 874, 875, 878, 855, 856, 857, 858]
319	915	0.015718698501586914	11902.0	5182.0	0.8408	3	23	13	[319, 865, 733, 415, 416, 417, 913, 801, 389, 914, 915]
915	110	0.015586137771606445	17675.0	8728.0	0.5406	51	107	148	[915, 914, 389, 390, 388, 391, 392, 393, 394, 395, 396, 397, 604, 399, 537, 536, 438, 437, 436, 496, 495, 494, 493, 497, 498, 533, 532, 531, 529, 530, 523, 545, 580, 579, 656, 110]
446	327	0.01563429832458496	7303.0	3443.0	0.768	5	20	9	[446, 858, 857, 856, 855, 878, 875, 874, 873, 327]
549	457	0.01562190055847168	8684.0	3766.0	0.8473	1	53	29	[549, 551, 563, 564, 493, 497, 498, 499, 500, 501, 502, 503, 477, 476, 475, 473, 472, 471, 470, 469, 819, 829, 457]
839	804	0.031235218048095703	9759.0	5648.0	0.8027	173	201	836	[839, 837, 827, 825, 638, 707, 475, 706, 704, 539, 694, 692, 682, 488, 405, 404, 403, 606, 604, 397, 588, 584, 808, 804]
341	232	0.015621185302734375	11673.0	6437.0	0.6225	92	374	1478	[341, 887, 859, 849, 664, 662, 654, 452, 652, 645, 578, 577, 573, 531, 532, 533, 498, 497, 493, 494, 495, 496, 436, 435, 434, 433, 432, 431, 428, 429, 778, 232]
553	847	0.0	7391.0	4101.0	0.5699	3	56	20	[553, 496, 556, 557, 490, 631, 636, 501, 502, 503, 477, 476, 707, 638, 825, 827, 837, 839, 847]
843	38	0.015613079071044922	8920.0	5234.0	0.7832	115	58	165	[843, 841, 453, 650, 648, 641, 639, 505, 504, 477, 478, 479, 480, 486, 535, 487, 488, 405, 404, 403, 606, 604, 605, 584, 38]
693	322	0.015622138977050781	6073.0	2707.0	0.7807	1	30	13	[693, 483, 539, 409, 410, 411, 412, 413, 734, 736, 866, 868, 322]
58	904	0.015702009201049805	9839.0	5431.0	0.7646	10	40	31	[58, 604, 399, 537, 536, 438, 437, 436, 496, 495, 494, 493, 497, 498, 533, 532, 531, 529, 528, 526, 527, 543, 903, 544, 904]
411	278	0.01562952995300293	3239.0	1613.0	0.8356	1	22	9	[411, 695, 697, 809, 814, 816, 822, 824, 278]
352	150	0.015627384185791016	11411.0	5729.0	0.6329	102	306	1899	[352, 898, 443, 897, 891, 890, 863, 862, 466, 467, 458, 468, 830, 820, 818, 812, 810, 698, 696, 150]
368	603	0.0	6851.0	2775.0	0.7263	1	31	15	[368, 914, 389, 390, 388, 391, 392, 393, 716, 601, 603]
333	565	0.015618085861206055	12101.0	5662.0	0.6972	8	69	64	[333, 879, 876, 462, 461, 460, 459, 458, 468, 469, 470, 471, 472, 473, 475, 476, 477, 503, 502, 501, 500, 570, 569, 565]
44	119	0.015641212463378906	8682.0	4700.0	0.7327	43	91	112	[44, 590, 592, 608, 537, 610, 679, 681, 691, 486, 480, 479, 478, 477, 504, 505, 506, 507, 646, 653, 655, 663, 665, 119]
288	24	0.015625476837158203	5920.0	3372.0	0.6802	15	24	12	[288, 834, 833, 823, 821, 826, 638, 640, 635, 634, 571, 570, 24]
323	688	0.015628814697265625	4885.0	2588.0	0.6402	9	98	150	[323, 869, 818, 817, 470, 471, 816, 814, 702, 700, 410, 690, 688]
152	882	0.015627622604370117	9474.0	3812.0	0.6908	1	31	18	[152, 698, 810, 812, 811, 817, 470, 469, 468, 458, 467, 466, 465, 464, 883, 882]
415	172	0.015625953674316406	3591.0	1736.0	0.7539	7	23	20	[415, 727, 729, 725, 724, 722, 718, 172]
43	796	0.015624284744262695	4754.0	2314.0	0.7768	2	45	24	[43, 589, 590, 401, 585, 771, 769, 760, 761, 757, 800, 796]
632	892	0.015625476837158203	7434.0	3868.0	0.8405	12	34	14	[632, 502, 634, 505, 639, 641, 648, 650, 453, 841, 843, 848, 858, 886, 892]
575	342	0.015626192092895508	6307.0	2981.0	0.6779	5	42	31	[575, 530, 523, 522, 511, 510, 666, 668, 850, 852, 860, 888, 342]
541	615	0.0	5794.0	3776.0	0.7803	30	105	163	[541, 526, 528, 529, 531, 532, 533, 498, 497, 493, 494, 561, 560, 556, 555, 622, 615]
17	444	0.01558232307434082	9157.0	4108.0	0.8354	22	88	134	[17, 563, 564, 565, 569, 573, 577, 578, 524, 525, 452, 451, 450, 449, 448, 447, 446, 445, 444]
56	852	0.015622854232788086	10124.0	5499.0	0.6087	23	118	222	[56, 602, 607, 606, 403, 404, 405, 488, 487, 535, 486, 480, 479, 478, 477, 504, 505, 506, 507, 508, 509, 667, 666, 668, 850, 852]
393	892	0.01562190055847168	12980.0	6304.0	0.588	10	109	77	[393, 394, 395, 396, 397, 398, 403, 404, 405, 488, 487, 535, 486, 480, 479, 478, 477, 504, 635, 640, 642, 649, 651, 842, 844, 848, 858, 886, 892]
349	231	0.0	15132.0	6785.0	0.7064	5	91	90	[349, 895, 889, 862, 466, 467, 458, 468, 469, 470, 471, 472, 473, 475, 476, 477, 478, 479, 480, 486, 535, 438, 439, 440, 441, 596, 594, 427, 779, 777, 231]
38	14	0.0	5078.0	3225.0	0.7628	11	62	71	[38, 584, 588, 397, 604, 399, 537, 536, 438, 437, 556, 560, 14]
570	186	0.01561737060546875	7630.0	3951.0	0.8428	2	48	15	[570, 571, 634, 635, 705, 706, 474, 701, 702, 697, 698, 736, 737, 733, 732, 186]
895	306	0.015581369400024414	8946.0	3543.0	0.8109	0	44	44	[895, 896, 891, 897, 443, 444, 445, 446, 447, 849, 853, 852, 306]
347	799	0.015633106231689453	15474.0	8130.0	0.6339	84	137	218	[347, 893, 887, 859, 849, 665, 663, 655, 653, 646, 507, 506, 505, 504, 477, 478, 479, 480, 486, 535, 487, 488, 405, 404, 403, 606, 604, 397, 588, 584, 808, 804, 805, 799]
558	730	0.0	5427.0	3008.0	0.7494	11	100	133	[558, 557, 630, 626, 485, 484, 480, 483, 693, 694, 408, 689, 690, 685, 686, 730]
