Time(s)	Cost(PB)	Time	P(T<T_max)	Bound	Infeasibility	Dominance	Path
899	585	133.586443901062	13383.0	7046.0	0.9998	0.9997	223	18	121	[899, 897, 892, 885, 857, 847, 839, 837, 827, 825, 638, 707, 475, 706, 704, 539, 694, 692, 682, 488, 405, 404, 403, 398, 400, 401, 585]
787	436	1000.1427021026611	9298.0	4595.0	0.9977	0.9975	654	311	48352	[787, 795, 803, 709, 391, 392, 393, 394, 395, 396, 397, 604, 399, 537, 536, 438, 437, 436]
924	540	184.8401095867157	10118.0	5341.0	0.9336	0.9176	306	76	616	[924, 919, 784, 738, 746, 757, 768, 772, 586, 588, 397, 398, 399, 537, 536, 438, 540]
746	69	53.48782539367676	5933.0	3306.0	0.9366	0.9216	78	66	224	[746, 757, 761, 770, 772, 586, 588, 397, 604, 399, 537, 610, 615, 69]
370	594	426.605593919754	10044.0	4818.0	0.9358	0.9222	138	189	5920	[370, 916, 917, 782, 783, 784, 738, 740, 739, 419, 420, 421, 422, 423, 424, 425, 426, 427, 594]
393	626	34.89295744895935	5374.0	2815.0	1.0	1.0	66	35	69	[393, 394, 395, 396, 397, 398, 403, 404, 405, 488, 487, 535, 486, 627, 626]
15	442	73.95782136917114	10584.0	4272.0	1.0	1.0	108	41	86	[15, 561, 494, 493, 497, 498, 533, 532, 531, 529, 530, 523, 545, 524, 525, 452, 451, 450, 449, 448, 447, 446, 445, 444, 443, 442]
678	423	148.1501545906067	5541.0	2867.0	1.0	0.9999	106	146	1068	[678, 677, 406, 405, 404, 403, 398, 400, 401, 590, 776, 774, 765, 764, 423]
924	436	466.0144817829132	10856.0	5431.0	1.0	1.0	290	244	3032	[924, 919, 920, 740, 739, 419, 420, 421, 422, 423, 424, 425, 426, 427, 428, 431, 432, 433, 434, 435, 436]
780	47	499.2353892326355	10373.0	4973.0	0.9386	0.9189	193	245	9165	[780, 781, 782, 783, 784, 738, 740, 739, 419, 420, 421, 422, 423, 424, 425, 426, 427, 594, 593, 47]
327	858	7.376006603240967	7084.0	3223.0	0.9992	0.9988	4	26	12	[327, 873, 874, 875, 845, 846, 847, 848, 858]
319	915	20.298153162002563	11953.0	5043.0	1.0	0.9999	11	44	38	[319, 865, 733, 415, 727, 721, 715, 391, 388, 390, 389, 914, 915]
915	110	1000.2546451091766	17891.0	8401.0	1.0	1.0	605	361	8115	[915, 914, 389, 390, 388, 391, 392, 393, 394, 395, 396, 397, 398, 403, 404, 405, 488, 487, 535, 486, 480, 479, 478, 477, 504, 505, 506, 507, 646, 645, 647, 657, 656, 110]
446	327	16.28230047225952	7323.0	3372.0	0.9992	0.9981	3	66	56	[446, 858, 848, 847, 846, 845, 875, 874, 873, 327]
549	457	39.37753510475159	8889.0	3747.0	0.9456	0.9096	12	80	150	[549, 551, 563, 564, 493, 497, 498, 499, 500, 501, 502, 503, 477, 476, 475, 473, 472, 471, 470, 469, 468, 458, 457]
839	804	456.04514718055725	9789.0	5406.0	1.0	0.9997	397	269	3575	[839, 837, 827, 825, 638, 707, 475, 706, 704, 539, 694, 692, 682, 488, 405, 404, 403, 398, 397, 588, 584, 808, 804]
341	232	1000.0491099357605	11980.0	6162.0	1.0	0.9999	920	261	11276	[341, 887, 859, 849, 665, 448, 449, 450, 451, 452, 525, 524, 545, 523, 530, 529, 531, 532, 533, 498, 497, 493, 494, 495, 496, 436, 435, 434, 433, 432, 431, 428, 429, 778, 232]
553	847	108.13207292556763	8315.0	4000.0	0.9949	0.9924	35	198	475	[553, 560, 561, 494, 493, 497, 498, 533, 532, 531, 529, 530, 523, 545, 524, 525, 452, 451, 450, 449, 448, 447, 848, 847]
843	38	96.20936012268066	8927.0	5132.0	0.9599	0.9472	139	53	101	[843, 841, 453, 650, 648, 641, 639, 505, 504, 477, 478, 479, 480, 486, 535, 487, 488, 405, 404, 403, 606, 604, 397, 588, 584, 38]
693	322	24.48596715927124	6305.0	2688.0	0.9432	0.915	2	84	76	[693, 483, 539, 409, 538, 474, 473, 472, 471, 470, 817, 818, 869, 868, 322]
58	904	29.92381525039673	9934.0	5362.0	0.9296	0.9007	44	18	44	[58, 604, 399, 537, 536, 438, 437, 436, 496, 495, 494, 493, 497, 498, 533, 532, 531, 529, 528, 526, 527, 543, 534, 515, 544, 904]
411	278	7.953620672225952	inf	0	0	0	0	35	19	[]
352	150	132.38358545303345	11664.0	5608.0	0.9364	0.9336	62	137	442	[352, 898, 443, 444, 445, 885, 863, 856, 846, 836, 456, 834, 829, 819, 817, 811, 812, 810, 698, 696, 150]
368	603	5.81287407875061	6874.0	2744.0	0.9465	0.9278	4	20	9	[368, 914, 389, 390, 388, 391, 392, 393, 394, 601, 603]
333	565	247.15663242340088	12398.0	5574.0	0.949	0.9302	251	39	2542	[333, 879, 876, 462, 461, 460, 459, 458, 468, 469, 470, 471, 472, 473, 475, 476, 477, 503, 502, 501, 500, 499, 498, 533, 568, 565]
44	119	49.20630145072937	8779.0	4649.0	0.9682	0.9627	69	46	51	[44, 590, 592, 609, 611, 680, 488, 487, 535, 486, 480, 479, 478, 477, 504, 505, 506, 507, 646, 653, 655, 663, 665, 119]
288	24	23.892103910446167	5943.0	3039.0	1.0	1.0	81	14	29	[288, 834, 824, 822, 816, 471, 472, 473, 475, 476, 477, 503, 502, 501, 500, 570, 24]
323	688	26.454838514328003	4959.0	2519.0	0.9991	0.9988	24	65	84	[323, 869, 818, 817, 811, 809, 697, 695, 411, 685, 683, 688]
152	882	32.62717342376709	9516.0	3777.0	0.9704	0.9515	0	86	115	[152, 698, 697, 809, 811, 817, 470, 469, 468, 458, 467, 466, 465, 464, 883, 882]
415	172	4.937892913818359	3599.0	1599.0	1.0	1.0	8	21	13	[415, 727, 721, 723, 719, 718, 172]
43	796	30.39264965057373	inf	0	0	0	0	93	159	[]
632	892	64.81661057472229	7813.0	3650.0	1.0	1.0	56	97	221	[632, 502, 503, 504, 635, 640, 642, 649, 651, 842, 844, 848, 858, 886, 892]
575	342	11.907091856002808	6364.0	2870.0	0.9996	0.9998	6	43	22	[575, 530, 523, 522, 511, 521, 519, 668, 850, 852, 860, 888, 342]
541	615	31.330145835876465	5850.0	3511.0	0.9984	0.9985	50	28	35	[541, 526, 528, 529, 531, 532, 533, 498, 497, 493, 494, 495, 496, 436, 437, 438, 439, 615]
17	444	69.17642498016357	9194.0	3691.0	1.0	1.0	79	89	154	[17, 563, 564, 565, 568, 533, 532, 531, 529, 530, 523, 545, 524, 525, 452, 451, 450, 449, 448, 447, 446, 445, 444]
56	852	112.02281332015991	10127.0	5367.0	0.9973	0.9955	161	41	300	[56, 602, 671, 676, 675, 404, 405, 488, 487, 535, 486, 480, 479, 478, 477, 504, 505, 506, 507, 508, 509, 667, 669, 851, 850, 852]
393	892	431.4654474258423	13131.0	6231.0	0.9967	0.9953	173	360	5239	[393, 394, 395, 600, 602, 671, 673, 683, 685, 411, 695, 697, 809, 811, 817, 819, 829, 457, 831, 836, 846, 856, 863, 885, 892]
349	231	33.033397912979126	15153.0	6712.0	0.9488	0.933	49	21	17	[349, 895, 889, 862, 466, 467, 458, 468, 469, 470, 471, 472, 473, 475, 476, 477, 478, 479, 480, 486, 535, 438, 439, 440, 441, 426, 425, 779, 777, 231]
38	14	25.970435857772827	5201.0	3111.0	0.9707	0.9551	65	33	51	[38, 584, 588, 397, 604, 399, 537, 536, 438, 437, 436, 496, 495, 560, 14]
570	186	129.75836157798767	7860.0	3830.0	1.0	0.9998	52	174	1212	[570, 500, 501, 502, 503, 504, 635, 705, 706, 474, 701, 702, 697, 698, 736, 737, 733, 732, 186]
895	306	11.797635078430176	8964.0	3507.0	0.9862	0.9855	0	44	29	[895, 896, 899, 442, 443, 444, 445, 446, 447, 849, 853, 852, 306]
347	799	149.5408751964569	15504.0	7888.0	0.9999	0.9998	173	61	175	[347, 893, 887, 859, 849, 665, 663, 655, 653, 646, 507, 506, 505, 504, 477, 478, 479, 480, 486, 535, 487, 488, 405, 404, 403, 398, 397, 588, 584, 808, 804, 805, 799]
558	730	84.86487174034119	5554.0	2872.0	0.9979	0.9972	76	123	540	[558, 491, 490, 489, 485, 484, 480, 483, 693, 694, 408, 689, 690, 685, 686, 730]
