615	369	5.226341	11435.0	5121.0	0.9766991836961297	134	47	13	[615, 598, 431, 430, 427, 426, 425, 424, 423, 422, 421, 420, 753, 748, 749, 745, 791, 787, 782, 781, 916, 915, 369]
471	390	3.9021295	7466.0	3442.0	0.9999973621276024	145	0	0	[471, 812, 700, 698, 688, 686, 676, 674, 605, 603, 396, 395, 394, 393, 392, 391, 390]
33	781	10.8508678	12980.0	5845.0	0.9994942383724862	377	0	0	[33, 579, 544, 522, 529, 528, 530, 531, 532, 497, 496, 492, 493, 494, 495, 435, 436, 437, 535, 536, 398, 603, 604, 583, 807, 803, 804, 798, 794, 786, 781]
61	932	4.2458565	9742.0	3868.0	0.9989116321781235	141	0	0	[61, 607, 536, 535, 437, 436, 435, 495, 494, 493, 492, 496, 497, 532, 531, 530, 528, 527, 525, 526, 542, 533, 932]
393	897	9.8378217	13807.0	6572.0	0.9333339807636385	365	0	0	[393, 394, 395, 396, 603, 605, 402, 403, 404, 487, 681, 691, 693, 538, 703, 705, 474, 706, 637, 824, 826, 836, 838, 846, 856, 884, 891, 896, 442, 897]
788	517	11.0458034	17628.0	7902.0	0.9371391148419028	339	30	27	[788, 787, 789, 795, 799, 807, 583, 604, 603, 398, 536, 535, 437, 436, 435, 495, 494, 493, 492, 496, 497, 532, 531, 530, 528, 527, 525, 526, 542, 902, 515, 516, 517]
195	882	8.6921221	16423.0	7874.0	0.9748383723291738	334	1	0	[195, 741, 747, 745, 756, 767, 583, 711, 392, 715, 717, 721, 723, 727, 729, 412, 733, 735, 865, 867, 870, 873, 460, 876, 879, 882]
49	901	2.0845908	6979.0	3434.0	0.999999949985339	65	0	0	[49, 595, 611, 613, 553, 434, 435, 495, 494, 493, 492, 496, 497, 532, 531, 530, 528, 527, 525, 540, 901]
561	896	4.0250014	9585.0	4147.0	0.9999999998398479	120	0	0	[561, 566, 498, 568, 572, 576, 577, 644, 651, 451, 450, 449, 448, 447, 446, 445, 444, 443, 442, 896]
768	463	18.8981891	13474.0	5016.0	0.9982204242927664	76	248	364	[768, 770, 584, 400, 399, 397, 402, 403, 404, 405, 406, 407, 408, 537, 473, 472, 471, 470, 469, 468, 467, 457, 466, 465, 464, 463]
394	349	0.675263801	9999999.0	0.0	0.0	0	13	3	[]
2	780	2.4496632	11345.0	5819.0	0.9882301447987429	86	3	0	[2, 548, 546, 620, 619, 597, 598, 596, 777, 776, 423, 422, 421, 420, 753, 748, 749, 745, 791, 787, 782, 781, 780]
229	883	5.3628995	13232.0	5271.0	0.9999009722823134	192	3	1	[229, 775, 589, 591, 608, 610, 679, 403, 404, 405, 406, 407, 408, 537, 473, 472, 471, 470, 469, 468, 467, 457, 466, 465, 464, 880, 883]
370	365	18.380557899	20369.0	9316.0	0.9869407089790592	655	2	0	[370, 916, 781, 786, 794, 798, 804, 803, 807, 583, 604, 603, 398, 536, 535, 437, 436, 435, 495, 494, 493, 492, 496, 497, 532, 531, 530, 528, 527, 525, 526, 542, 902, 515, 905, 908, 911, 365]
849	378	9.4231506	16589.0	6744.0	0.9999368042712627	292	0	0	[849, 850, 668, 666, 508, 507, 506, 505, 504, 503, 476, 477, 478, 479, 485, 534, 486, 487, 404, 403, 402, 605, 603, 396, 395, 394, 393, 392, 391, 390, 387, 389, 924, 378]
526	781	16.5652996	14548.0	6465.0	0.986781308926609	476	84	48	[526, 525, 527, 528, 530, 531, 532, 497, 496, 492, 493, 494, 495, 435, 436, 437, 535, 536, 398, 603, 604, 583, 807, 803, 804, 798, 794, 786, 781]
562	929	4.2735113	14941.0	4423.0	0.9908298128610665	138	2	0	[562, 563, 564, 567, 573, 574, 580, 581, 540, 525, 526, 542, 902, 515, 516, 517, 929]
14	353	9.0978412	10918.0	4857.0	0.9733713212105237	345	11	6	[14, 560, 493, 492, 496, 497, 532, 531, 530, 528, 529, 522, 544, 523, 524, 451, 653, 661, 663, 848, 858, 886, 892, 897, 899, 353]
278	384	2.2843115	10653.0	4499.0	0.999999995663279	57	16	4	[278, 824, 648, 647, 652, 651, 524, 656, 655, 659, 901, 541, 902, 515, 905, 930, 384]
507	389	6.8309641	13124.0	4852.0	0.9906359872192052	123	62	50	[507, 506, 505, 504, 503, 476, 477, 478, 479, 485, 534, 486, 487, 404, 403, 402, 397, 396, 395, 394, 393, 392, 391, 390, 387, 389]
352	785	7.3672528	18770.0	9318.0	0.9999999997515959	272	0	0	[352, 898, 890, 889, 862, 855, 845, 835, 455, 833, 823, 821, 815, 813, 701, 699, 409, 689, 687, 677, 675, 606, 604, 583, 807, 803, 804, 798, 794, 793, 785]
217	347	13.3146183	13886.0	7558.0	0.9764050331481068	502	1	0	[217, 763, 772, 423, 424, 425, 426, 593, 595, 611, 613, 553, 436, 555, 556, 489, 630, 570, 636, 643, 645, 506, 507, 508, 666, 668, 850, 852, 859, 887, 893, 347]
561	239	20.1940429	11087.0	5040.0	0.9955445034423455	684	54	41	[561, 492, 493, 494, 495, 435, 436, 437, 535, 536, 398, 603, 604, 583, 807, 803, 804, 798, 794, 793, 785, 239]
660	920	11.4460822	12635.0	6655.0	0.9426882430463438	400	13	11	[660, 659, 581, 580, 574, 573, 567, 564, 563, 562, 550, 549, 551, 618, 616, 594, 595, 593, 426, 425, 424, 423, 422, 421, 761, 752, 750, 742, 920]
225	348	6.0388104	13779.0	5993.0	0.9998300865695399	221	0	0	[225, 771, 585, 587, 396, 603, 605, 674, 676, 686, 688, 698, 700, 812, 471, 470, 469, 468, 467, 457, 466, 465, 861, 888, 894, 348]
284	376	72.6672726	15434.0	6383.0	0.8604981753420411	643	558	1235	[284, 830, 456, 828, 818, 468, 469, 470, 471, 472, 473, 537, 408, 407, 406, 405, 404, 403, 679, 610, 608, 591, 589, 775, 773, 764, 762, 753, 751, 419, 418, 417, 922, 376]
723	911	21.1472159	13275.0	6400.0	0.998068963262749	747	43	30	[723, 673, 672, 677, 676, 405, 681, 486, 534, 485, 479, 478, 477, 476, 503, 504, 505, 506, 507, 508, 666, 668, 850, 849, 853, 906, 907, 911]
893	379	3.2924696	16103.0	7214.0	0.9999999999975889	109	0	0	[893, 887, 859, 852, 848, 664, 662, 654, 649, 647, 648, 824, 637, 814, 470, 815, 810, 811, 865, 736, 732, 414, 415, 416, 925, 379]
393	910	5.8425539	13716.0	6215.0	0.9789497494471806	211	0	0	[393, 394, 395, 396, 603, 605, 402, 403, 404, 487, 486, 534, 485, 479, 478, 477, 476, 503, 504, 505, 506, 507, 508, 666, 668, 850, 852, 859, 860, 909, 910]
149	930	10.7302568	14011.0	5901.0	0.9961516282222461	398	19	6	[149, 695, 694, 699, 698, 537, 703, 702, 477, 476, 503, 504, 505, 506, 507, 508, 666, 665, 520, 669, 904, 905, 930]
214	443	6.7450324	13947.0	6142.0	0.9795081839519959	237	0	0	[214, 760, 769, 771, 585, 587, 396, 603, 605, 402, 403, 404, 487, 486, 534, 485, 479, 478, 477, 476, 503, 634, 639, 641, 648, 650, 841, 843, 847, 857, 885, 444, 443]
875	378	6.8430241	14139.0	6017.0	1.0	189	0	0	[875, 461, 460, 873, 870, 867, 864, 732, 414, 726, 720, 714, 390, 387, 389, 924, 378]
96	801	8.5944106	10926.0	5273.0	0.9742648327677772	283	19	8	[96, 642, 575, 571, 569, 499, 565, 558, 556, 555, 436, 437, 535, 536, 398, 603, 396, 395, 394, 393, 392, 391, 390, 387, 801]
917	911	15.2440906	19100.0	9180.0	0.9445383446928258	537	1	4	[917, 782, 787, 789, 795, 799, 807, 583, 604, 603, 398, 536, 535, 437, 436, 435, 495, 494, 493, 492, 496, 497, 532, 531, 530, 528, 527, 525, 526, 542, 902, 515, 905, 908, 911]
608	894	9.0060042	12208.0	4738.0	0.9999999510057601	346	0	0	[608, 610, 679, 403, 404, 405, 406, 407, 408, 537, 473, 472, 471, 470, 469, 468, 467, 457, 466, 465, 861, 888, 894]
171	892	12.4526026	9999999.0	0.0	0.0	0	198	241	[]
365	255	33.5281986	17547.0	8022.0	0.9741176135504598	1205	5	4	[365, 911, 908, 905, 515, 902, 542, 526, 525, 527, 528, 530, 531, 532, 497, 496, 492, 493, 494, 495, 435, 436, 437, 535, 536, 398, 603, 604, 583, 709, 805, 806, 802, 801, 255]
217	911	14.452664	13738.0	6573.0	0.9981807108634102	520	0	0	[217, 763, 772, 423, 424, 425, 426, 593, 595, 611, 613, 553, 434, 435, 495, 494, 493, 492, 496, 497, 532, 531, 530, 528, 527, 525, 526, 542, 902, 515, 905, 908, 911]
525	248	32.1988951	11848.0	5319.0	0.9894267203106346	830	162	208	[525, 527, 528, 530, 531, 532, 497, 496, 492, 493, 494, 495, 435, 436, 437, 535, 536, 398, 603, 604, 583, 807, 803, 804, 798, 794, 248]
98	914	0.063887	9999999.0	0.0	0.0	0	1	0	[]
