615	369	5.5054657	11426.0	5292.0	0.9822087774825993	148	4	0	[615, 598, 431, 430, 427, 426, 425, 424, 423, 422, 421, 420, 753, 748, 749, 745, 791, 787, 782, 917, 916, 915, 369]
471	390	5.0362924	7466.0	3442.0	1.0	145	0	0	[471, 812, 700, 698, 688, 686, 676, 674, 605, 603, 396, 395, 394, 393, 392, 391, 390]
33	781	10.013446	12980.0	5845.0	0.9999999999973973	377	0	0	[33, 579, 544, 522, 529, 528, 530, 531, 532, 497, 496, 492, 493, 494, 495, 435, 436, 437, 535, 536, 398, 603, 604, 583, 807, 803, 804, 798, 794, 786, 781]
61	932	3.9599135	9742.0	3868.0	0.9999999999623754	141	0	0	[61, 607, 536, 535, 437, 436, 435, 495, 494, 493, 492, 496, 497, 532, 531, 530, 528, 527, 525, 526, 542, 533, 932]
393	897	9.1810885	13807.0	6572.0	0.9999744708283593	365	0	0	[393, 394, 395, 396, 603, 605, 402, 403, 404, 487, 681, 691, 693, 538, 703, 705, 474, 706, 637, 824, 826, 836, 838, 846, 856, 884, 891, 896, 442, 897]
788	517	8.9890547	17628.0	7902.0	0.9999800343347612	317	0	0	[788, 787, 789, 795, 799, 807, 583, 604, 603, 398, 536, 535, 437, 436, 435, 495, 494, 493, 492, 496, 497, 532, 531, 530, 528, 527, 525, 526, 542, 902, 515, 516, 517]
195	882	10.6633418	16423.0	7874.0	0.999938877591083	369	0	0	[195, 741, 747, 745, 756, 767, 583, 711, 392, 715, 717, 721, 723, 727, 729, 412, 733, 735, 865, 867, 870, 873, 460, 876, 879, 882]
49	901	2.1357763	6979.0	3434.0	1.0	65	0	0	[49, 595, 611, 613, 553, 434, 435, 495, 494, 493, 492, 496, 497, 532, 531, 530, 528, 527, 525, 540, 901]
561	896	4.39007	9585.0	4147.0	1.0	120	0	0	[561, 566, 498, 568, 572, 576, 577, 644, 651, 451, 450, 449, 448, 447, 446, 445, 444, 443, 442, 896]
768	463	2.7538036	13276.0	5632.0	0.9995912330207695	81	0	0	[768, 770, 584, 586, 603, 605, 674, 676, 686, 688, 698, 700, 812, 471, 470, 469, 468, 467, 457, 466, 465, 464, 463]
394	349	1.6561335	9999999.0	0.0	0.0	0	33	10	[]
2	780	5.0004625	11318.0	5914.0	0.9991422093752014	147	0	0	[2, 548, 546, 620, 619, 597, 598, 596, 777, 776, 766, 765, 421, 420, 753, 748, 749, 745, 791, 787, 782, 781, 780]
229	883	7.943719499	13232.0	5271.0	0.9999999999999827	236	16	6	[229, 775, 589, 591, 608, 610, 679, 403, 404, 405, 406, 407, 408, 537, 473, 472, 471, 470, 469, 468, 467, 457, 466, 465, 464, 880, 883]
370	365	17.573174101	20369.0	9316.0	0.9999998950443791	658	0	0	[370, 916, 781, 786, 794, 798, 804, 803, 807, 583, 604, 603, 398, 536, 535, 437, 436, 435, 495, 494, 493, 492, 496, 497, 532, 531, 530, 528, 527, 525, 526, 542, 902, 515, 905, 908, 911, 365]
849	378	8.629942201	16589.0	6744.0	0.9999999999999944	292	0	0	[849, 850, 668, 666, 508, 507, 506, 505, 504, 503, 476, 477, 478, 479, 485, 534, 486, 487, 404, 403, 402, 605, 603, 396, 395, 394, 393, 392, 391, 390, 387, 389, 924, 378]
526	781	20.979280301	14548.0	6465.0	0.9999928021640121	780	53	23	[526, 525, 527, 528, 530, 531, 532, 497, 496, 492, 493, 494, 495, 435, 436, 437, 535, 536, 398, 603, 604, 583, 807, 803, 804, 798, 794, 786, 781]
562	929	5.0770776	14941.0	4423.0	0.999999969531709	138	2	0	[562, 563, 564, 567, 573, 574, 580, 581, 540, 525, 526, 542, 902, 515, 516, 517, 929]
14	353	11.9239932	10904.0	5409.0	0.8431718157647682	384	5	6	[14, 560, 493, 492, 496, 497, 532, 531, 530, 572, 576, 577, 644, 651, 451, 653, 661, 663, 848, 858, 886, 892, 897, 899, 353]
278	384	2.71657	10653.0	4499.0	1.0	76	0	0	[278, 824, 648, 647, 652, 651, 524, 656, 655, 659, 901, 541, 902, 515, 905, 930, 384]
507	389	6.3968404	13094.0	4996.0	0.9999957008277338	237	1	0	[507, 506, 505, 504, 503, 476, 477, 478, 479, 485, 534, 486, 487, 404, 403, 402, 605, 603, 396, 395, 394, 393, 392, 391, 390, 387, 389]
352	785	9.1704115	18770.0	9318.0	1.0	272	0	0	[352, 898, 890, 889, 862, 855, 845, 835, 455, 833, 823, 821, 815, 813, 701, 699, 409, 689, 687, 677, 675, 606, 604, 583, 807, 803, 804, 798, 794, 793, 785]
217	347	13.0612317	13886.0	7558.0	0.9999989802318225	536	0	0	[217, 763, 772, 423, 424, 425, 426, 593, 595, 611, 613, 553, 436, 555, 556, 489, 630, 570, 636, 643, 645, 506, 507, 508, 666, 668, 850, 852, 859, 887, 893, 347]
561	239	24.1331386	11087.0	5040.0	0.9999999969961316	719	45	38	[561, 492, 493, 494, 495, 435, 436, 437, 535, 536, 398, 603, 604, 583, 807, 803, 804, 798, 794, 793, 785, 239]
660	920	8.7995307	12563.0	7147.0	0.9998201467613004	331	0	0	[660, 659, 581, 580, 574, 573, 567, 564, 563, 562, 550, 549, 547, 617, 615, 598, 596, 777, 776, 766, 765, 755, 752, 750, 742, 920]
225	348	7.4809107	13779.0	5993.0	1.0	221	0	0	[225, 771, 585, 587, 396, 603, 605, 674, 676, 686, 688, 698, 700, 812, 471, 470, 469, 468, 467, 457, 466, 465, 861, 888, 894, 348]
284	376	46.8161989	15434.0	6454.0	0.9823259939041492	1528	91	73	[284, 830, 456, 828, 818, 816, 469, 470, 471, 472, 473, 537, 408, 407, 406, 405, 404, 403, 679, 610, 608, 591, 589, 775, 773, 764, 762, 753, 751, 419, 418, 417, 922, 376]
723	911	24.5332089	13275.0	6400.0	0.9999999746444326	859	57	45	[723, 673, 672, 677, 676, 405, 681, 486, 534, 485, 479, 478, 477, 476, 503, 504, 505, 506, 507, 508, 666, 668, 850, 849, 853, 906, 907, 911]
893	379	3.8926996	16103.0	7214.0	1.0	109	0	0	[893, 887, 859, 852, 848, 664, 662, 654, 649, 647, 648, 824, 637, 814, 470, 815, 810, 811, 865, 736, 732, 414, 415, 416, 925, 379]
393	910	5.5310505	13716.0	6215.0	0.9999994604660681	211	0	0	[393, 394, 395, 396, 603, 605, 402, 403, 404, 487, 486, 534, 485, 479, 478, 477, 476, 503, 504, 505, 506, 507, 508, 666, 668, 850, 852, 859, 860, 909, 910]
149	930	15.888751	14011.0	5901.0	0.9999999982048317	511	22	10	[149, 695, 694, 699, 698, 537, 703, 702, 477, 476, 503, 504, 505, 506, 507, 508, 666, 665, 520, 669, 904, 905, 930]
214	443	6.3542466	13947.0	6142.0	0.9999999999354908	237	0	0	[214, 760, 769, 771, 585, 587, 396, 603, 605, 402, 403, 404, 487, 486, 534, 485, 479, 478, 477, 476, 503, 634, 639, 641, 648, 650, 841, 843, 847, 857, 885, 444, 443]
875	378	7.2076032	14139.0	6017.0	1.0	189	0	0	[875, 461, 460, 873, 870, 867, 864, 732, 414, 726, 720, 714, 390, 387, 389, 924, 378]
96	801	8.4176779	10843.0	5738.0	0.9517042061422496	321	1	0	[96, 642, 575, 571, 569, 499, 565, 558, 556, 555, 436, 437, 535, 536, 398, 603, 396, 587, 583, 709, 805, 806, 802, 801]
917	911	13.8370035	19100.0	9180.0	0.999987003617831	513	0	0	[917, 782, 787, 789, 795, 799, 807, 583, 604, 603, 398, 536, 535, 437, 436, 435, 495, 494, 493, 492, 496, 497, 532, 531, 530, 528, 527, 525, 526, 542, 902, 515, 905, 908, 911]
608	894	11.45255	12208.0	4738.0	1.0	346	0	0	[608, 610, 679, 403, 404, 405, 406, 407, 408, 537, 473, 472, 471, 470, 469, 468, 467, 457, 466, 465, 861, 888, 894]
171	892	29.4944046	14026.0	5919.0	0.993409063604779	478	195	307	[171, 717, 602, 601, 606, 605, 402, 403, 404, 487, 486, 534, 485, 479, 478, 477, 476, 503, 504, 505, 506, 507, 449, 448, 447, 446, 848, 858, 886, 892]
365	255	18.4816672	17547.0	8022.0	0.9999990168300559	666	0	0	[365, 911, 908, 905, 515, 902, 542, 526, 525, 527, 528, 530, 531, 532, 497, 496, 492, 493, 494, 495, 435, 436, 437, 535, 536, 398, 603, 604, 583, 709, 805, 806, 802, 801, 255]
217	911	13.6627737	13738.0	6573.0	0.9999999997655714	520	0	0	[217, 763, 772, 423, 424, 425, 426, 593, 595, 611, 613, 553, 434, 435, 495, 494, 493, 492, 496, 497, 532, 531, 530, 528, 527, 525, 526, 542, 902, 515, 905, 908, 911]
525	248	13.8200316	11848.0	5319.0	0.9999999471236006	494	38	24	[525, 527, 528, 530, 531, 532, 497, 496, 492, 493, 494, 495, 435, 436, 437, 535, 536, 398, 603, 604, 583, 807, 803, 804, 798, 794, 248]
98	914	0.0637069	9999999.0	0.0	0.0	0	1	0	[]
