615	369	10.0500012	11714.0	5183.0	0.8401676153478872	282	45	37	[615, 598, 431, 430, 427, 426, 425, 424, 423, 422, 421, 420, 419, 751, 746, 740, 741, 737, 783, 782, 781, 916, 915, 369]
471	390	3.8300357	7466.0	3442.0	0.9999053381508687	142	1	0	[471, 812, 700, 698, 688, 686, 676, 674, 605, 603, 396, 395, 394, 393, 392, 391, 390]
33	781	10.5153893	12980.0	5845.0	0.9951593636375392	377	0	0	[33, 579, 544, 522, 529, 528, 530, 531, 532, 497, 496, 492, 493, 494, 495, 435, 436, 437, 535, 536, 398, 603, 604, 583, 807, 803, 804, 798, 794, 786, 781]
61	932	4.2769376	9742.0	3868.0	0.9911539557023561	141	0	0	[61, 607, 536, 535, 437, 436, 435, 495, 494, 493, 492, 496, 497, 532, 531, 530, 528, 527, 525, 526, 542, 533, 932]
393	897	10.3983322	13837.0	6428.0	0.9401438354079727	372	2	2	[393, 394, 395, 396, 397, 402, 403, 404, 487, 681, 691, 693, 538, 703, 705, 474, 706, 637, 824, 826, 836, 838, 846, 856, 884, 891, 896, 442, 897]
788	517	37.2683291	17938.0	8349.0	0.8343267767912145	1127	71	173	[788, 787, 789, 795, 797, 803, 807, 583, 604, 603, 605, 402, 403, 404, 487, 486, 534, 485, 479, 478, 477, 476, 503, 504, 638, 505, 506, 507, 508, 509, 665, 667, 849, 853, 906, 907, 516, 517]
195	882	7.5539382	16431.0	7740.0	0.9242584928188491	289	3	1	[195, 741, 747, 745, 756, 767, 583, 393, 600, 602, 671, 721, 723, 727, 729, 412, 733, 735, 865, 867, 870, 873, 460, 876, 879, 882]
49	901	2.0856632	6979.0	3434.0	0.9999998336316701	65	0	0	[49, 595, 611, 613, 553, 434, 435, 495, 494, 493, 492, 496, 497, 532, 531, 530, 528, 527, 525, 540, 901]
561	896	3.9692344	9585.0	4147.0	0.9999998809976662	97	22	17	[561, 566, 498, 568, 572, 576, 577, 644, 651, 451, 450, 449, 448, 447, 446, 445, 444, 443, 442, 896]
768	463	7.4874065	13386.0	4998.0	0.9441901536639484	78	87	103	[768, 770, 584, 586, 399, 397, 402, 403, 404, 405, 406, 407, 408, 537, 473, 472, 471, 470, 469, 468, 467, 457, 466, 465, 464, 463]
394	349	0.500780301	9999999.0	0.0	0.0	0	10	2	[]
2	780	2.763642501	11345.0	5819.0	0.9527376859848043	97	3	0	[2, 548, 546, 620, 619, 597, 598, 596, 777, 776, 423, 422, 421, 420, 753, 748, 749, 745, 791, 787, 782, 781, 780]
229	883	5.331519199	13232.0	5271.0	0.9984616711783119	192	1	0	[229, 775, 589, 591, 608, 610, 679, 403, 404, 405, 406, 407, 408, 537, 473, 472, 471, 470, 469, 468, 467, 457, 466, 465, 464, 880, 883]
370	365	16.8520238	20369.0	9316.0	0.9509240855657095	612	4	4	[370, 916, 781, 786, 794, 798, 804, 803, 807, 583, 604, 603, 398, 536, 535, 437, 436, 435, 495, 494, 493, 492, 496, 497, 532, 531, 530, 528, 527, 525, 526, 542, 902, 515, 905, 908, 911, 365]
849	378	9.3759814	16589.0	6744.0	0.9989551396524884	292	0	0	[849, 850, 668, 666, 508, 507, 506, 505, 504, 503, 476, 477, 478, 479, 485, 534, 486, 487, 404, 403, 402, 605, 603, 396, 395, 394, 393, 392, 391, 390, 387, 389, 924, 378]
526	781	82.9728321	14555.0	6356.0	0.9602904326005247	1946	390	755	[526, 525, 527, 528, 530, 531, 532, 497, 496, 492, 493, 494, 495, 435, 436, 437, 535, 536, 398, 603, 396, 587, 583, 807, 803, 804, 798, 794, 786, 781]
562	929	4.0476574	14941.0	4423.0	0.96089706041624	119	13	5	[562, 563, 564, 567, 573, 574, 580, 581, 540, 525, 526, 542, 902, 515, 516, 517, 929]
14	353	9.7614619	10918.0	4857.0	0.9894693318823607	256	59	49	[14, 560, 493, 492, 496, 497, 532, 531, 530, 528, 529, 522, 544, 523, 524, 451, 653, 661, 663, 848, 858, 886, 892, 897, 899, 353]
278	384	1.9607436	10653.0	4499.0	0.9999991533157032	57	6	1	[278, 824, 648, 647, 652, 651, 524, 656, 655, 659, 901, 541, 902, 515, 905, 930, 384]
507	389	5.2128854	13119.0	5120.0	0.83514723482167	165	13	6	[507, 506, 505, 504, 503, 476, 477, 478, 479, 485, 534, 486, 487, 404, 403, 402, 605, 603, 604, 599, 394, 393, 392, 391, 390, 387, 389]
352	785	7.312448	18770.0	9318.0	0.999990174414468	272	0	0	[352, 898, 890, 889, 862, 855, 845, 835, 455, 833, 823, 821, 815, 813, 701, 699, 409, 689, 687, 677, 675, 606, 604, 583, 807, 803, 804, 798, 794, 793, 785]
217	347	40.1756158	13886.0	7558.0	0.9243625935980294	1270	51	125	[217, 763, 772, 423, 424, 425, 426, 593, 595, 611, 613, 553, 436, 555, 556, 489, 630, 570, 636, 643, 645, 506, 507, 508, 666, 668, 850, 852, 859, 887, 893, 347]
561	239	18.598739	11087.0	5040.0	0.9768312765434292	306	182	215	[561, 492, 493, 494, 495, 435, 436, 437, 535, 536, 398, 603, 604, 583, 807, 803, 804, 798, 794, 793, 785, 239]
660	920	10.2615426	12635.0	6655.0	0.9774331633765015	344	18	7	[660, 659, 581, 580, 574, 573, 567, 564, 563, 562, 550, 549, 551, 618, 616, 594, 595, 593, 426, 425, 424, 423, 422, 421, 761, 752, 750, 742, 920]
225	348	6.0176792	13779.0	5993.0	0.9998635217239744	221	0	0	[225, 771, 585, 587, 396, 603, 605, 674, 676, 686, 688, 698, 700, 812, 471, 470, 469, 468, 467, 457, 466, 465, 861, 888, 894, 348]
284	376	73.2044566	15977.0	6076.0	0.8283912964425066	569	515	1342	[284, 830, 456, 828, 818, 816, 469, 470, 471, 472, 474, 475, 476, 477, 478, 479, 485, 534, 437, 438, 439, 440, 425, 424, 423, 772, 763, 422, 421, 420, 419, 418, 417, 922, 376]
723	911	20.1257142	13275.0	6400.0	0.9881585230491997	725	21	6	[723, 673, 672, 677, 676, 405, 681, 486, 534, 485, 479, 478, 477, 476, 503, 504, 505, 506, 507, 508, 666, 668, 850, 849, 853, 906, 907, 911]
893	379	3.2658242	16103.0	7214.0	0.9999999974056971	109	0	0	[893, 887, 859, 852, 848, 664, 662, 654, 649, 647, 648, 824, 637, 814, 470, 815, 810, 811, 865, 736, 732, 414, 415, 416, 925, 379]
393	910	6.838556	13745.0	6373.0	0.8816542403745291	235	1	4	[393, 394, 395, 396, 603, 605, 402, 403, 404, 487, 486, 534, 485, 479, 478, 477, 476, 503, 504, 505, 506, 507, 508, 666, 668, 850, 849, 853, 860, 909, 910]
149	930	10.1996245	14011.0	5901.0	0.8331907376201	367	21	7	[149, 695, 694, 699, 698, 537, 703, 702, 477, 476, 503, 504, 505, 506, 507, 508, 666, 665, 520, 669, 904, 905, 930]
214	443	6.6075956	13947.0	6142.0	0.9902575095630147	237	0	0	[214, 760, 769, 771, 585, 587, 396, 603, 605, 402, 403, 404, 487, 486, 534, 485, 479, 478, 477, 476, 503, 634, 639, 641, 648, 650, 841, 843, 847, 857, 885, 444, 443]
875	378	6.3886835	14139.0	6017.0	1.0	189	0	0	[875, 461, 460, 873, 870, 867, 864, 732, 414, 726, 720, 714, 390, 387, 389, 924, 378]
96	801	9.3089795	10960.0	4997.0	0.9430707563986331	333	6	0	[96, 642, 643, 505, 504, 503, 476, 477, 478, 479, 485, 534, 486, 487, 404, 403, 402, 605, 603, 604, 583, 709, 805, 806, 802, 801]
917	911	18.8362134	19100.0	9180.0	0.8626529880140068	620	29	44	[917, 782, 787, 789, 795, 799, 807, 583, 604, 603, 398, 536, 535, 437, 436, 435, 495, 494, 493, 492, 496, 497, 532, 531, 530, 528, 527, 525, 526, 542, 902, 515, 905, 908, 911]
608	894	8.705801	12208.0	4738.0	0.9997411969013303	312	13	7	[608, 610, 679, 403, 404, 405, 406, 407, 408, 537, 473, 472, 471, 470, 469, 468, 467, 457, 466, 465, 861, 888, 894]
171	892	7.8522884	9999999.0	0.0	0.0	0	137	148	[]
365	255	55.6186508	17554.0	7822.0	0.9430208691993253	1650	78	344	[365, 911, 908, 905, 515, 902, 542, 526, 525, 527, 528, 530, 531, 532, 497, 496, 492, 493, 494, 495, 435, 436, 437, 535, 536, 398, 397, 396, 587, 583, 709, 805, 806, 802, 801, 255]
217	911	14.5158513	13738.0	6573.0	0.987846433433324	520	0	0	[217, 763, 772, 423, 424, 425, 426, 593, 595, 611, 613, 553, 434, 435, 495, 494, 493, 492, 496, 497, 532, 531, 530, 528, 527, 525, 526, 542, 902, 515, 905, 908, 911]
525	248	28.3416492	11912.0	5374.0	0.9498851006123143	637	169	234	[525, 527, 528, 530, 531, 532, 497, 496, 492, 493, 494, 495, 435, 436, 437, 535, 536, 398, 603, 604, 583, 807, 803, 797, 798, 794, 248]
98	914	0.0603231	9999999.0	0.0	0.0	0	1	0	[]
