615	369	9.6065546	11896.0	5095.0	0.8077322019498261	108	56	40	[615, 598, 431, 430, 427, 426, 425, 424, 423, 422, 421, 420, 419, 418, 738, 739, 737, 783, 782, 781, 916, 915, 369]
471	390	6.0044185	7466.0	3442.0	0.9954291884201423	142	1	0	[471, 812, 700, 698, 688, 686, 676, 674, 605, 603, 396, 395, 394, 393, 392, 391, 390]
33	781	12.5431379	12980.0	5845.0	0.9363479869445945	377	0	0	[33, 579, 544, 522, 529, 528, 530, 531, 532, 497, 496, 492, 493, 494, 495, 435, 436, 437, 535, 536, 398, 603, 604, 583, 807, 803, 804, 798, 794, 786, 781]
61	932	4.8187711	9742.0	3868.0	0.9102071787746757	141	0	0	[61, 607, 536, 535, 437, 436, 435, 495, 494, 493, 492, 496, 497, 532, 531, 530, 528, 527, 525, 526, 542, 533, 932]
393	897	28.745421	13986.0	6580.0	0.8127768907088692	811	8	45	[393, 394, 599, 601, 670, 675, 674, 676, 686, 688, 698, 700, 812, 471, 814, 820, 822, 827, 837, 453, 839, 846, 856, 884, 891, 896, 442, 897]
788	517	875.8577493	18900.0	8086.0	0.8034051173479024	3563	3119	16982	[788, 787, 791, 799, 756, 767, 583, 394, 395, 396, 397, 402, 403, 404, 487, 486, 534, 485, 479, 478, 477, 476, 503, 504, 505, 506, 507, 508, 509, 510, 520, 518, 667, 849, 853, 906, 907, 516, 517]
195	882	34.9704056	16443.0	6983.0	0.9998366036825931	496	188	162	[195, 741, 747, 745, 756, 767, 583, 394, 599, 601, 670, 672, 682, 684, 410, 694, 696, 808, 810, 816, 469, 468, 467, 457, 466, 465, 464, 463, 882]
49	901	2.6978928	6979.0	3434.0	0.9999561849907329	65	0	0	[49, 595, 611, 613, 553, 434, 435, 495, 494, 493, 492, 496, 497, 532, 531, 530, 528, 527, 525, 540, 901]
561	896	6.548301699	9585.0	4147.0	0.9999716585365394	97	16	12	[561, 566, 498, 568, 572, 576, 577, 644, 651, 451, 450, 449, 448, 447, 446, 445, 444, 443, 442, 896]
768	463	8.8233473	13474.0	5016.0	0.8900483748553742	76	79	90	[768, 770, 584, 400, 399, 397, 402, 403, 404, 405, 406, 407, 408, 537, 473, 472, 471, 470, 469, 468, 467, 457, 466, 465, 464, 463]
394	349	0.7238649	9999999.0	0.0	0.0	0	10	2	[]
2	780	11.6380638	11464.0	5336.0	0.9796028601899365	228	24	11	[2, 548, 546, 620, 619, 597, 598, 431, 430, 427, 426, 425, 424, 423, 422, 421, 420, 753, 748, 749, 745, 791, 787, 782, 781, 780]
229	883	7.2874153	13232.0	5271.0	0.9708078836723565	192	1	0	[229, 775, 589, 591, 608, 610, 679, 403, 404, 405, 406, 407, 408, 537, 473, 472, 471, 470, 469, 468, 467, 457, 466, 465, 464, 880, 883]
370	365	61.3917213	20444.0	9644.0	0.8069511475412583	1801	21	52	[370, 916, 781, 786, 794, 798, 804, 803, 807, 583, 604, 603, 605, 402, 403, 404, 487, 486, 534, 485, 479, 478, 477, 476, 503, 504, 505, 506, 507, 508, 666, 668, 850, 849, 853, 906, 907, 911, 365]
849	378	10.4076028	16589.0	6744.0	0.9771793591762751	292	0	0	[849, 850, 668, 666, 508, 507, 506, 505, 504, 503, 476, 477, 478, 479, 485, 534, 486, 487, 404, 403, 402, 605, 603, 396, 395, 394, 393, 392, 391, 390, 387, 389, 924, 378]
526	781	81.5633017	14948.0	6290.0	0.800869913523885	673	690	1560	[526, 545, 525, 527, 528, 530, 531, 532, 497, 496, 492, 493, 494, 495, 435, 436, 437, 535, 536, 398, 397, 396, 587, 583, 709, 805, 803, 804, 798, 794, 786, 781]
562	929	7.0770703	14958.0	4039.0	0.9887672143753259	107	27	18	[562, 563, 564, 567, 573, 574, 527, 525, 526, 542, 902, 515, 516, 517, 929]
14	353	9.9948724	10918.0	4857.0	0.8937729694712511	214	41	22	[14, 560, 493, 492, 496, 497, 532, 531, 530, 528, 529, 522, 544, 523, 524, 451, 653, 661, 663, 848, 858, 886, 892, 897, 899, 353]
278	384	2.7719111	10653.0	4499.0	0.9998407005928434	57	1	0	[278, 824, 648, 647, 652, 651, 524, 656, 655, 659, 901, 541, 902, 515, 905, 930, 384]
507	389	20.1499301	9999999.0	0.0	0.0	0	209	270	[]
352	785	11.7473473	18770.0	9318.0	0.9999615374183133	272	0	0	[352, 898, 890, 889, 862, 855, 845, 835, 455, 833, 823, 821, 815, 813, 701, 699, 409, 689, 687, 677, 675, 606, 604, 583, 807, 803, 804, 798, 794, 793, 785]
217	347	43.092219	13974.0	6584.0	0.8900561915438242	1054	200	164	[217, 763, 772, 423, 424, 425, 426, 593, 595, 611, 613, 553, 434, 435, 495, 494, 493, 492, 496, 497, 532, 531, 530, 528, 529, 522, 521, 510, 509, 665, 667, 849, 851, 859, 887, 893, 347]
561	239	24.8688738	11087.0	5040.0	0.8284516862232265	454	102	98	[561, 492, 493, 494, 495, 435, 436, 437, 535, 536, 398, 603, 604, 583, 807, 803, 804, 798, 794, 793, 785, 239]
660	920	10.8743331	12635.0	6655.0	0.8329668233035004	342	9	0	[660, 659, 581, 580, 574, 573, 567, 564, 563, 562, 550, 549, 551, 618, 616, 594, 595, 593, 426, 425, 424, 423, 422, 421, 761, 752, 750, 742, 920]
225	348	9.0407443	13779.0	5993.0	0.9942564455365784	221	0	0	[225, 771, 585, 587, 396, 603, 605, 674, 676, 686, 688, 698, 700, 812, 471, 470, 469, 468, 467, 457, 466, 465, 861, 888, 894, 348]
284	376	85.6646671	9999999.0	0.0	0.0	0	513	1514	[]
723	911	24.5362686	13275.0	6400.0	0.8868890901014089	863	28	17	[723, 673, 672, 677, 676, 405, 681, 486, 534, 485, 479, 478, 477, 476, 503, 504, 505, 506, 507, 508, 666, 668, 850, 849, 853, 906, 907, 911]
893	379	5.0335447	16103.0	7214.0	0.9999976978437309	109	0	0	[893, 887, 859, 852, 848, 664, 662, 654, 649, 647, 648, 824, 637, 814, 470, 815, 810, 811, 865, 736, 732, 414, 415, 416, 925, 379]
393	910	6.5334578	13746.0	6071.0	0.8498173607834623	200	1	4	[393, 394, 395, 396, 397, 402, 403, 404, 487, 486, 534, 485, 479, 478, 477, 476, 503, 504, 505, 506, 507, 508, 666, 668, 850, 852, 859, 860, 909, 910]
149	930	14.2753232	14011.0	5901.0	0.8442333637208055	320	40	34	[149, 695, 694, 699, 698, 537, 703, 702, 477, 476, 503, 504, 505, 506, 507, 508, 666, 665, 520, 669, 904, 905, 930]
214	443	7.627681	13947.0	6142.0	0.9030522450339185	237	0	0	[214, 760, 769, 771, 585, 587, 396, 603, 605, 402, 403, 404, 487, 486, 534, 485, 479, 478, 477, 476, 503, 634, 639, 641, 648, 650, 841, 843, 847, 857, 885, 444, 443]
875	378	9.2230212	14139.0	6017.0	0.999999999999992	189	0	0	[875, 461, 460, 873, 870, 867, 864, 732, 414, 726, 720, 714, 390, 387, 389, 924, 378]
96	801	12.3725249	10997.0	4744.0	0.8987236262232017	364	10	3	[96, 642, 643, 505, 504, 503, 476, 477, 478, 479, 485, 534, 486, 487, 404, 403, 402, 397, 396, 587, 583, 709, 805, 806, 802, 801]
917	911	85.8568336	19215.0	9051.0	0.8545217183559738	2025	200	642	[917, 782, 787, 789, 795, 797, 803, 807, 583, 587, 396, 397, 402, 403, 404, 487, 486, 534, 485, 479, 478, 477, 476, 503, 504, 505, 506, 507, 508, 666, 668, 850, 849, 853, 906, 907, 911]
608	894	12.1888655	12208.0	4738.0	0.9994034734609154	300	3	0	[608, 610, 679, 403, 404, 405, 406, 407, 408, 537, 473, 472, 471, 470, 469, 468, 467, 457, 466, 465, 861, 888, 894]
171	892	8.9023769	9999999.0	0.0	0.0	0	91	87	[]
365	255	256.9502263	17629.0	8241.0	0.8273870609409143	1803	1486	4120	[365, 911, 907, 906, 853, 849, 850, 668, 666, 508, 507, 506, 505, 504, 503, 476, 477, 478, 479, 485, 534, 486, 487, 404, 403, 402, 605, 603, 396, 587, 583, 709, 805, 806, 802, 801, 255]
217	911	15.7403478	13738.0	6573.0	0.8866442325553487	520	0	0	[217, 763, 772, 423, 424, 425, 426, 593, 595, 611, 613, 553, 434, 435, 495, 494, 493, 492, 496, 497, 532, 531, 530, 528, 527, 525, 526, 542, 902, 515, 905, 908, 911]
525	248	71.5187103	11855.0	5119.0	0.8084474850696352	114	742	1744	[525, 527, 528, 530, 531, 532, 497, 496, 492, 493, 494, 495, 435, 436, 437, 535, 536, 398, 397, 396, 587, 583, 807, 803, 804, 798, 794, 248]
98	914	0.0712015	9999999.0	0.0	0.0	0	1	0	[]
