615	369	0.3113242	9999999.0	0.0	0.0	0	22	13	[]
471	390	0.8613872	7466.0	3442.0	0.995466880393017	142	1	0	[471, 812, 700, 698, 688, 686, 676, 674, 605, 603, 396, 395, 394, 393, 392, 391, 390]
33	781	1.8640462	12980.0	5845.0	0.8958057743445396	345	4	0	[33, 579, 544, 522, 529, 528, 530, 531, 532, 497, 496, 492, 493, 494, 495, 435, 436, 437, 535, 536, 398, 603, 604, 583, 807, 803, 804, 798, 794, 786, 781]
61	932	0.8405389	9742.0	3868.0	0.8865346211455657	141	0	0	[61, 607, 536, 535, 437, 436, 435, 495, 494, 493, 492, 496, 497, 532, 531, 530, 528, 527, 525, 526, 542, 533, 932]
393	897	7.0955414	14053.0	6743.0	0.8229672479742973	1301	33	108	[393, 394, 599, 601, 670, 675, 677, 687, 689, 409, 699, 701, 813, 815, 821, 823, 833, 455, 835, 845, 855, 862, 889, 890, 896, 442, 897]
788	517	135.6475503	9999999.0	0.0	0.0	0	3024	19514	[]
195	882	3.3931725	16443.0	6983.0	0.9996664445670461	467	91	66	[195, 741, 747, 745, 756, 767, 583, 394, 599, 601, 670, 672, 682, 684, 410, 694, 696, 808, 810, 816, 469, 468, 467, 457, 466, 465, 464, 463, 882]
49	901	0.406883	6979.0	3434.0	0.999929074603556	65	0	0	[49, 595, 611, 613, 553, 434, 435, 495, 494, 493, 492, 496, 497, 532, 531, 530, 528, 527, 525, 540, 901]
561	896	0.7022055	9585.0	4147.0	0.999848598292927	97	16	5	[561, 566, 498, 568, 572, 576, 577, 644, 651, 451, 450, 449, 448, 447, 446, 445, 444, 443, 442, 896]
768	463	1.2911307	13474.0	5016.0	0.8878414916980649	76	75	84	[768, 770, 584, 400, 399, 397, 402, 403, 404, 405, 406, 407, 408, 537, 473, 472, 471, 470, 469, 468, 467, 457, 466, 465, 464, 463]
394	349	0.1077876	9999999.0	0.0	0.0	0	10	2	[]
2	780	1.0502629	11464.0	5336.0	0.9498234026661563	171	13	6	[2, 548, 546, 620, 619, 597, 598, 431, 430, 427, 426, 425, 424, 423, 422, 421, 420, 753, 748, 749, 745, 791, 787, 782, 781, 780]
229	883	1.0694184	13232.0	5271.0	0.9613239633829993	189	2	0	[229, 775, 589, 591, 608, 610, 679, 403, 404, 405, 406, 407, 408, 537, 473, 472, 471, 470, 469, 468, 467, 457, 466, 465, 464, 880, 883]
370	365	25.3501565	20481.0	9391.0	0.8838566102872959	2880	432	1411	[370, 916, 781, 786, 794, 798, 804, 803, 807, 583, 587, 396, 397, 402, 403, 404, 487, 486, 534, 485, 479, 478, 477, 476, 503, 504, 505, 506, 507, 508, 666, 668, 850, 849, 853, 906, 907, 911, 365]
849	378	1.7250778	16589.0	6744.0	0.9636028170692261	282	1	0	[849, 850, 668, 666, 508, 507, 506, 505, 504, 503, 476, 477, 478, 479, 485, 534, 486, 487, 404, 403, 402, 605, 603, 396, 395, 394, 393, 392, 391, 390, 387, 389, 924, 378]
526	781	23.3248676	15576.0	6398.0	0.8059967358186566	498	1015	3024	[526, 545, 525, 527, 528, 530, 531, 532, 497, 496, 492, 493, 494, 495, 435, 434, 433, 432, 431, 430, 427, 426, 425, 424, 423, 422, 421, 420, 419, 418, 738, 739, 737, 783, 782, 781]
562	929	1.2105012	14958.0	4039.0	0.9812432693785178	58	66	75	[562, 563, 564, 567, 573, 574, 527, 525, 526, 542, 902, 515, 516, 517, 929]
14	353	5.7006182	11422.0	4763.0	0.8357244451456745	762	53	269	[14, 560, 493, 492, 496, 497, 532, 531, 530, 528, 529, 522, 544, 523, 524, 451, 450, 449, 448, 447, 446, 848, 858, 886, 892, 897, 899, 353]
278	384	0.4137637	10653.0	4499.0	0.9997481742994283	57	1	0	[278, 824, 648, 647, 652, 651, 524, 656, 655, 659, 901, 541, 902, 515, 905, 930, 384]
507	389	2.0616798	9999999.0	0.0	0.0	0	172	197	[]
352	785	1.4165803	18770.0	9318.0	0.9972032537044534	272	0	0	[352, 898, 890, 889, 862, 855, 845, 835, 455, 833, 823, 821, 815, 813, 701, 699, 409, 689, 687, 677, 675, 606, 604, 583, 807, 803, 804, 798, 794, 793, 785]
217	347	3.9886239	13974.0	6584.0	0.8256916426398503	548	95	117	[217, 763, 772, 423, 424, 425, 426, 593, 595, 611, 613, 553, 434, 435, 495, 494, 493, 492, 496, 497, 532, 531, 530, 528, 529, 522, 521, 510, 509, 665, 667, 849, 851, 859, 887, 893, 347]
561	239	2.9642119	11094.0	4931.0	0.8241594903316567	418	88	69	[561, 492, 493, 494, 495, 435, 436, 437, 535, 536, 398, 603, 396, 587, 583, 807, 803, 804, 798, 794, 793, 785, 239]
660	920	3.4036658	12757.0	6476.0	0.8661559745983619	562	41	26	[660, 659, 581, 580, 574, 573, 567, 564, 563, 562, 550, 549, 547, 617, 615, 598, 431, 430, 427, 426, 425, 424, 423, 422, 421, 761, 752, 750, 742, 920]
225	348	1.2458198	13779.0	5993.0	0.9919948455775025	221	0	0	[225, 771, 585, 587, 396, 603, 605, 674, 676, 686, 688, 698, 700, 812, 471, 470, 469, 468, 467, 457, 466, 465, 861, 888, 894, 348]
284	376	10.0774779	9999999.0	0.0	0.0	0	496	1305	[]
723	911	4.8387581	13275.0	6400.0	0.8771981704825033	899	43	27	[723, 673, 672, 677, 676, 405, 681, 486, 534, 485, 479, 478, 477, 476, 503, 504, 505, 506, 507, 508, 666, 668, 850, 849, 853, 906, 907, 911]
893	379	0.6865357	16103.0	7214.0	0.9999941024614085	109	0	0	[893, 887, 859, 852, 848, 664, 662, 654, 649, 647, 648, 824, 637, 814, 470, 815, 810, 811, 865, 736, 732, 414, 415, 416, 925, 379]
393	910	1.0570889	13746.0	6071.0	0.8068603798236662	189	3	4	[393, 394, 395, 396, 397, 402, 403, 404, 487, 486, 534, 485, 479, 478, 477, 476, 503, 504, 505, 506, 507, 508, 666, 668, 850, 852, 859, 860, 909, 910]
149	930	1.9069834	14011.0	5901.0	0.8064997660530262	173	88	82	[149, 695, 694, 699, 698, 537, 703, 702, 477, 476, 503, 504, 505, 506, 507, 508, 666, 665, 520, 669, 904, 905, 930]
214	443	1.3249594	13947.0	6142.0	0.8403928571613226	237	0	0	[214, 760, 769, 771, 585, 587, 396, 603, 605, 402, 403, 404, 487, 486, 534, 485, 479, 478, 477, 476, 503, 634, 639, 641, 648, 650, 841, 843, 847, 857, 885, 444, 443]
875	378	1.2649829	14139.0	6017.0	0.9999999999999907	189	0	0	[875, 461, 460, 873, 870, 867, 864, 732, 414, 726, 720, 714, 390, 387, 389, 924, 378]
96	801	1.5610928	10997.0	4744.0	0.8308558849448359	257	12	4	[96, 642, 643, 505, 504, 503, 476, 477, 478, 479, 485, 534, 486, 487, 404, 403, 402, 397, 396, 587, 583, 709, 805, 806, 802, 801]
917	911	23.2566546	19215.0	9051.0	0.8004850759421949	453	1039	2799	[917, 782, 787, 789, 795, 797, 803, 807, 583, 587, 396, 397, 402, 403, 404, 487, 486, 534, 485, 479, 478, 477, 476, 503, 504, 505, 506, 507, 508, 666, 668, 850, 849, 853, 906, 907, 911]
608	894	1.5710091	12208.0	4738.0	0.9993750935542733	272	21	8	[608, 610, 679, 403, 404, 405, 406, 407, 408, 537, 473, 472, 471, 470, 469, 468, 467, 457, 466, 465, 861, 888, 894]
171	892	0.8401817	9999999.0	0.0	0.0	0	71	64	[]
365	255	33.4005597	17659.0	8097.0	0.8689364116612894	1827	1187	2889	[365, 911, 907, 906, 853, 849, 850, 668, 666, 508, 507, 506, 505, 504, 503, 476, 477, 478, 479, 485, 534, 486, 487, 404, 403, 402, 397, 396, 587, 583, 709, 805, 806, 802, 801, 255]
217	911	2.8612072	13738.0	6573.0	0.8504786111688196	520	0	0	[217, 763, 772, 423, 424, 425, 426, 593, 595, 611, 613, 553, 434, 435, 495, 494, 493, 492, 496, 497, 532, 531, 530, 528, 527, 525, 526, 542, 902, 515, 905, 908, 911]
525	248	18.5720481	9999999.0	0.0	0.0	0	846	2624	[]
98	914	0.0217929	9999999.0	0.0	0.0	0	1	0	[]
615	369	0.1340367	11972.0	4824.0	0.9999998461447708	160	31	27	[614, 609, 536, 398, 603, 396, 395, 394, 393, 392, 391, 390, 387, 389, 388, 913, 914, 368]
471	390	0.0461665	10319.0	4247.0	0.8549202754604905	53	13	4	[470, 815, 810, 811, 865, 736, 732, 414, 726, 720, 714, 390, 387, 389]
33	781	197.4245712	14618.0	6612.0	0.9806982859887609	1137	559	1079	[32, 578, 577, 642, 643, 505, 504, 503, 476, 477, 478, 479, 485, 534, 486, 487, 404, 403, 402, 397, 396, 587, 583, 807, 803, 804, 798, 794, 786, 781, 780]
61	932	109.357284	12040.0	4530.0	0.9610243397864182	489	164	174	[60, 606, 605, 402, 403, 404, 487, 486, 534, 485, 479, 478, 477, 476, 503, 504, 505, 506, 507, 508, 509, 510, 511, 512, 513, 514, 931]
393	897	21.6667586	13763.0	6458.0	0.9999997147158393	2472	304	1014	[392, 393, 394, 599, 601, 670, 672, 682, 684, 410, 694, 696, 808, 810, 816, 818, 828, 833, 455, 835, 845, 855, 862, 889, 890, 896]
788	517	650.3606568	16202.0	6824.0	0.8318483716351576	1192	651	1129	[787, 791, 799, 756, 767, 771, 585, 587, 396, 397, 398, 536, 535, 437, 436, 435, 495, 494, 493, 492, 496, 497, 532, 531, 530, 528, 527, 525, 526, 542, 902, 515, 516]
195	882	40.8525399	17562.0	6901.0	0.9845806177922545	102	81	71	[194, 740, 746, 748, 757, 759, 768, 770, 584, 400, 399, 397, 402, 403, 404, 405, 406, 407, 408, 537, 473, 472, 471, 470, 469, 468, 467, 457, 466, 465, 464, 463, 882, 881]
49	901	24.6287092	13004.0	6235.0	0.959632500820668	217	194	235	[48, 594, 616, 618, 551, 552, 559, 560, 493, 492, 496, 497, 532, 531, 530, 528, 529, 522, 544, 523, 524, 451, 653, 661, 663, 848, 858, 886, 892, 900]
561	896	0.6912904	11987.0	4574.0	0.9597771497179634	244	47	37	[560, 493, 492, 496, 497, 532, 531, 530, 528, 529, 522, 544, 523, 524, 451, 450, 449, 448, 447, 446, 445, 444, 443, 442, 896, 890, 895]
768	463	0.1528875	13449.0	5544.0	0.8425506791231426	87	16	7	[767, 583, 394, 599, 601, 670, 672, 682, 684, 410, 694, 696, 808, 810, 816, 469, 468, 467, 457, 466, 465, 464, 463, 462]
394	349	0.1501147	12216.0	5189.0	0.8399712516336744	79	19	8	[393, 394, 599, 601, 670, 672, 682, 684, 410, 694, 696, 808, 810, 816, 469, 468, 467, 457, 466, 465, 861, 888, 894, 348]
2	780	0.1773453	11920.0	5400.0	0.9998380982759099	153	3	0	[1, 547, 617, 615, 598, 431, 430, 427, 426, 425, 424, 423, 422, 421, 420, 753, 748, 749, 745, 791, 787, 782, 781, 780, 779]
229	883	6.5026224	14327.0	5328.0	0.9820965497838867	202	123	130	[228, 774, 775, 589, 400, 399, 397, 402, 403, 404, 405, 406, 407, 408, 537, 473, 472, 471, 470, 469, 468, 467, 457, 466, 465, 464, 463, 882]
370	365	2017.804909	9999999.0	0.0	0.0	0	857	2311	[]
849	378	63.6659391	16672.0	7530.0	0.8331850191199272	475	37	35	[848, 664, 662, 654, 652, 645, 506, 505, 504, 503, 476, 477, 478, 479, 485, 534, 486, 487, 404, 403, 402, 397, 396, 587, 585, 771, 769, 760, 758, 749, 745, 737, 783, 918, 923, 377]
526	781	59.00505	15000.0	5993.0	0.9362159023759247	314	484	817	[525, 527, 528, 530, 531, 532, 497, 496, 492, 493, 494, 495, 435, 436, 437, 535, 536, 398, 603, 396, 395, 394, 393, 392, 391, 390, 387, 801, 793, 785, 780]
562	929	0.1364576	15658.0	4101.0	0.9987115728139094	65	47	38	[561, 492, 496, 497, 532, 531, 530, 528, 529, 522, 544, 523, 524, 451, 450, 449, 448, 447, 446, 445, 444, 443, 442, 441, 928]
14	353	4.6271151	11405.0	4394.0	0.9999985320601631	256	119	109	[13, 559, 560, 493, 492, 496, 497, 532, 531, 530, 528, 529, 522, 544, 523, 524, 451, 450, 449, 448, 447, 446, 445, 444, 443, 442, 441, 898, 352]
278	384	0.0979585	16379.0	5106.0	0.9349506706368678	300	12	22	[277, 823, 822, 827, 837, 836, 841, 840, 842, 664, 848, 852, 851, 853, 906, 907, 516, 517, 929, 383]
507	389	1.0439668	12723.0	4641.0	0.9352145777782519	78	7	4	[506, 505, 504, 503, 476, 477, 478, 479, 485, 534, 486, 487, 404, 403, 402, 397, 396, 395, 394, 393, 392, 391, 390, 387, 389, 388]
352	785	154.9270368	20216.0	8797.0	0.9398496727013994	1488	68	104	[351, 897, 442, 896, 891, 884, 862, 855, 845, 835, 455, 833, 828, 818, 819, 817, 811, 865, 736, 732, 414, 415, 416, 912, 800, 792, 784]
217	347	230.8191004	14473.0	7017.0	0.9325334432642987	1424	228	405	[216, 762, 764, 773, 775, 589, 591, 607, 536, 609, 678, 680, 690, 485, 479, 478, 477, 476, 503, 504, 505, 506, 645, 652, 654, 662, 664, 848, 858, 886, 892, 346]
561	239	0.4150739	11945.0	5212.0	0.9296244398349489	155	18	23	[560, 559, 555, 436, 437, 535, 536, 398, 603, 396, 395, 394, 393, 392, 391, 390, 387, 801, 793, 792, 784, 238]
660	920	16.9189989	13009.0	6459.0	0.9391937858849763	509	51	32	[659, 581, 580, 574, 573, 567, 564, 563, 562, 550, 549, 547, 617, 615, 598, 431, 430, 427, 426, 425, 424, 423, 422, 421, 420, 419, 418, 738, 739, 919]
225	348	18.9171232	13472.0	5906.0	0.9426270300177243	94	141	182	[224, 770, 584, 400, 399, 397, 402, 403, 404, 487, 486, 534, 485, 479, 478, 477, 476, 503, 504, 505, 506, 507, 508, 666, 668, 850, 852, 859, 887, 893, 347]
284	376	119.6904754	13317.0	5705.0	0.9190476523947841	174	122	109	[283, 829, 467, 468, 469, 470, 471, 472, 473, 537, 408, 407, 406, 405, 404, 403, 402, 397, 399, 400, 589, 775, 773, 764, 762, 753, 751, 742, 921, 375]
723	911	28.4526929	14135.0	6197.0	0.883920208190117	158	24	32	[722, 721, 671, 670, 675, 674, 403, 404, 487, 486, 534, 485, 479, 478, 477, 476, 503, 504, 505, 506, 507, 508, 509, 510, 520, 518, 667, 849, 853, 906, 909, 910]
893	379	327.4249221	20446.0	8455.0	0.9220442011558619	89	1397	12708	[892, 886, 885, 444, 884, 862, 861, 465, 466, 457, 467, 829, 819, 868, 865, 736, 732, 414, 726, 720, 714, 390, 387, 389, 924, 378]
393	910	0.4447755	13477.0	5855.0	0.9098093467505705	182	2	3	[392, 393, 394, 395, 396, 397, 402, 403, 404, 487, 486, 534, 485, 479, 478, 477, 476, 503, 504, 505, 506, 507, 508, 666, 668, 850, 852, 859, 860, 909]
149	930	27.3777671	18204.0	5710.0	0.9390825284218158	98	175	187	[148, 694, 699, 698, 537, 703, 702, 477, 476, 503, 504, 505, 506, 507, 508, 509, 510, 520, 518, 667, 849, 853, 906, 907, 516, 517, 929]
214	443	220.5117912	14423.0	6151.0	0.8600286289553041	689	226	345	[213, 759, 768, 770, 584, 586, 399, 397, 402, 403, 404, 487, 486, 534, 485, 479, 478, 477, 476, 503, 634, 639, 641, 648, 650, 841, 843, 847, 857, 885, 444, 443, 442]
875	378	0.1180315	14827.0	6868.0	0.8679179704231579	105	21	7	[874, 459, 871, 868, 865, 736, 734, 413, 730, 728, 724, 722, 718, 716, 391, 712, 710, 806, 804, 798, 796, 790, 788, 782, 918, 923, 377]
96	801	9.4075074	11339.0	4551.0	0.8940147363741107	180	13	5	[95, 641, 639, 634, 503, 476, 477, 478, 479, 485, 534, 486, 487, 404, 403, 402, 605, 603, 396, 395, 394, 393, 392, 391, 390, 387, 801, 800]
917	911	2000.8929754	9999999.0	0.0	0.0	0	974	2776	[]
608	894	2.6010235	11758.0	5177.0	0.8832100232804109	195	7	10	[607, 536, 535, 437, 534, 485, 479, 478, 477, 476, 503, 504, 505, 506, 507, 508, 666, 668, 850, 852, 859, 887, 893]
171	892	0.1639618	13311.0	6072.0	0.8318190769885923	168	11	8	[170, 716, 718, 722, 724, 728, 730, 413, 734, 736, 865, 868, 819, 829, 467, 457, 466, 854, 855, 862, 884, 891]
365	255	492.5617882	18578.0	8019.0	0.8530816730441468	2174	332	528	[364, 910, 909, 860, 859, 852, 850, 668, 666, 508, 507, 506, 505, 504, 503, 476, 477, 478, 479, 485, 534, 486, 487, 404, 403, 402, 605, 603, 396, 395, 394, 393, 392, 391, 390, 387, 801, 800, 254]
217	911	1601.7332152	15187.0	6364.0	0.8070105069251411	3300	1045	2635	[216, 762, 761, 421, 422, 423, 424, 425, 426, 427, 430, 431, 432, 433, 434, 435, 495, 494, 493, 492, 496, 497, 532, 531, 530, 528, 527, 525, 526, 542, 902, 515, 905, 907, 910]
525	248	212.5740351	12887.0	5390.0	0.8553534721505991	1511	312	543	[524, 651, 644, 645, 506, 505, 504, 503, 476, 477, 478, 479, 485, 534, 486, 487, 404, 403, 402, 605, 603, 396, 395, 394, 393, 392, 391, 390, 387, 801, 793, 247]
98	914	7.3873134	13228.0	4860.0	0.9360407480872894	90	7	4	[97, 643, 505, 504, 503, 476, 477, 478, 479, 485, 534, 486, 487, 404, 403, 402, 397, 396, 395, 394, 393, 392, 391, 390, 387, 389, 388, 913]
