615	369	0.6051257	11435.0	5121.0	0.8962701485021489	78	8	2	[615, 598, 431, 430, 427, 426, 425, 424, 423, 422, 421, 420, 753, 748, 749, 745, 791, 787, 782, 781, 916, 915, 369]
471	390	0.9488721	7466.0	3442.0	0.9999999996057981	145	0	0	[471, 812, 700, 698, 688, 686, 676, 674, 605, 603, 396, 395, 394, 393, 392, 391, 390]
33	781	2.1562074	12980.0	5845.0	0.9999816895947766	377	0	0	[33, 579, 544, 522, 529, 528, 530, 531, 532, 497, 496, 492, 493, 494, 495, 435, 436, 437, 535, 536, 398, 603, 604, 583, 807, 803, 804, 798, 794, 786, 781]
61	932	0.7999654	9742.0	3868.0	0.9999717230916741	141	0	0	[61, 607, 536, 535, 437, 436, 435, 495, 494, 493, 492, 496, 497, 532, 531, 530, 528, 527, 525, 526, 542, 533, 932]
393	897	1.8556304	13807.0	6572.0	0.9059450998678787	365	0	0	[393, 394, 395, 396, 603, 605, 402, 403, 404, 487, 681, 691, 693, 538, 703, 705, 474, 706, 637, 824, 826, 836, 838, 846, 856, 884, 891, 896, 442, 897]
788	517	1.7901335	17628.0	7902.0	0.9735640173407598	317	0	0	[788, 787, 789, 795, 799, 807, 583, 604, 603, 398, 536, 535, 437, 436, 435, 495, 494, 493, 492, 496, 497, 532, 531, 530, 528, 527, 525, 526, 542, 902, 515, 516, 517]
195	882	1.8657338	16423.0	7874.0	0.9766408036549858	369	0	0	[195, 741, 747, 745, 756, 767, 583, 711, 392, 715, 717, 721, 723, 727, 729, 412, 733, 735, 865, 867, 870, 873, 460, 876, 879, 882]
49	901	0.4497884	6979.0	3434.0	0.9999999999999997	65	0	0	[49, 595, 611, 613, 553, 434, 435, 495, 494, 493, 492, 496, 497, 532, 531, 530, 528, 527, 525, 540, 901]
561	896	0.8699766	9585.0	4147.0	0.9999999999999967	97	18	6	[561, 566, 498, 568, 572, 576, 577, 644, 651, 451, 450, 449, 448, 447, 446, 445, 444, 443, 442, 896]
768	463	0.5423011	13276.0	5632.0	0.9436698293486732	81	0	0	[768, 770, 584, 586, 603, 605, 674, 676, 686, 688, 698, 700, 812, 471, 470, 469, 468, 467, 457, 466, 465, 464, 463]
394	349	0.1796145	9999999.0	0.0	0.0	0	16	4	[]
2	780	0.6391445	11345.0	5819.0	0.9619042281941067	83	3	0	[2, 548, 546, 620, 619, 597, 598, 596, 777, 776, 423, 422, 421, 420, 753, 748, 749, 745, 791, 787, 782, 781, 780]
229	883	1.1041127	13232.0	5271.0	0.9999995096403083	192	1	0	[229, 775, 589, 591, 608, 610, 679, 403, 404, 405, 406, 407, 408, 537, 473, 472, 471, 470, 469, 468, 467, 457, 466, 465, 464, 880, 883]
370	365	3.5655036	20369.0	9316.0	0.9981148060140521	658	0	0	[370, 916, 781, 786, 794, 798, 804, 803, 807, 583, 604, 603, 398, 536, 535, 437, 436, 435, 495, 494, 493, 492, 496, 497, 532, 531, 530, 528, 527, 525, 526, 542, 902, 515, 905, 908, 911, 365]
849	378	1.741346	16589.0	6744.0	0.999999547057641	292	0	0	[849, 850, 668, 666, 508, 507, 506, 505, 504, 503, 476, 477, 478, 479, 485, 534, 486, 487, 404, 403, 402, 605, 603, 396, 395, 394, 393, 392, 391, 390, 387, 389, 924, 378]
526	781	3.1033905	14548.0	6465.0	0.9984221729005651	513	68	39	[526, 525, 527, 528, 530, 531, 532, 497, 496, 492, 493, 494, 495, 435, 436, 437, 535, 536, 398, 603, 604, 583, 807, 803, 804, 798, 794, 786, 781]
562	929	0.8918686	14941.0	4423.0	0.9966991303949099	134	2	0	[562, 563, 564, 567, 573, 574, 580, 581, 540, 525, 526, 542, 902, 515, 516, 517, 929]
14	353	2.2610166	10918.0	4857.0	0.9993295142846036	343	38	37	[14, 560, 493, 492, 496, 497, 532, 531, 530, 528, 529, 522, 544, 523, 524, 451, 653, 661, 663, 848, 858, 886, 892, 897, 899, 353]
278	384	0.5118214	10653.0	4499.0	0.9999999999999818	76	0	0	[278, 824, 648, 647, 652, 651, 524, 656, 655, 659, 901, 541, 902, 515, 905, 930, 384]
507	389	1.2230877	13094.0	4996.0	0.9904033095382766	210	1	0	[507, 506, 505, 504, 503, 476, 477, 478, 479, 485, 534, 486, 487, 404, 403, 402, 605, 603, 396, 395, 394, 393, 392, 391, 390, 387, 389]
352	785	1.7554734	18770.0	9318.0	0.9999999999103049	272	0	0	[352, 898, 890, 889, 862, 855, 845, 835, 455, 833, 823, 821, 815, 813, 701, 699, 409, 689, 687, 677, 675, 606, 604, 583, 807, 803, 804, 798, 794, 793, 785]
217	347	2.7415261	13886.0	7558.0	0.9721518460469144	536	0	0	[217, 763, 772, 423, 424, 425, 426, 593, 595, 611, 613, 553, 436, 555, 556, 489, 630, 570, 636, 643, 645, 506, 507, 508, 666, 668, 850, 852, 859, 887, 893, 347]
561	239	3.8258298	11087.0	5040.0	0.9995304572521833	631	48	46	[561, 492, 493, 494, 495, 435, 436, 437, 535, 536, 398, 603, 604, 583, 807, 803, 804, 798, 794, 793, 785, 239]
660	920	2.2224224	12633.0	6267.0	0.9987751365984925	421	13	3	[660, 659, 581, 580, 574, 573, 531, 532, 497, 496, 492, 493, 494, 495, 435, 434, 553, 613, 611, 595, 593, 426, 425, 424, 423, 422, 421, 761, 752, 750, 742, 920]
225	348	1.3378906	13779.0	5993.0	0.9999999976130418	221	0	0	[225, 771, 585, 587, 396, 603, 605, 674, 676, 686, 688, 698, 700, 812, 471, 470, 469, 468, 467, 457, 466, 465, 861, 888, 894, 348]
284	376	7.9589631	15434.0	6454.0	0.8636208254172061	1255	103	94	[284, 830, 456, 828, 818, 816, 469, 470, 471, 472, 473, 537, 408, 407, 406, 405, 404, 403, 679, 610, 608, 591, 589, 775, 773, 764, 762, 753, 751, 419, 418, 417, 922, 376]
723	911	4.4601	13275.0	6400.0	0.9999635826919021	836	66	50	[723, 673, 672, 677, 676, 405, 681, 486, 534, 485, 479, 478, 477, 476, 503, 504, 505, 506, 507, 508, 666, 668, 850, 849, 853, 906, 907, 911]
893	379	0.711267	16103.0	7214.0	1.0	109	0	0	[893, 887, 859, 852, 848, 664, 662, 654, 649, 647, 648, 824, 637, 814, 470, 815, 810, 811, 865, 736, 732, 414, 415, 416, 925, 379]
393	910	1.1384307	13716.0	6215.0	0.9957373380219475	211	0	0	[393, 394, 395, 396, 603, 605, 402, 403, 404, 487, 486, 534, 485, 479, 478, 477, 476, 503, 504, 505, 506, 507, 508, 666, 668, 850, 852, 859, 860, 909, 910]
149	930	2.6509135	14011.0	5901.0	0.9997916483616103	434	24	11	[149, 695, 694, 699, 698, 537, 703, 702, 477, 476, 503, 504, 505, 506, 507, 508, 666, 665, 520, 669, 904, 905, 930]
214	443	1.3499944	13947.0	6142.0	0.9998783512646662	237	0	0	[214, 760, 769, 771, 585, 587, 396, 603, 605, 402, 403, 404, 487, 486, 534, 485, 479, 478, 477, 476, 503, 634, 639, 641, 648, 650, 841, 843, 847, 857, 885, 444, 443]
875	378	1.4915079	14139.0	6017.0	1.0	189	0	0	[875, 461, 460, 873, 870, 867, 864, 732, 414, 726, 720, 714, 390, 387, 389, 924, 378]
96	801	1.7292905	10926.0	5273.0	0.9777892179339531	306	3	0	[96, 642, 575, 571, 569, 499, 565, 558, 556, 555, 436, 437, 535, 536, 398, 603, 396, 395, 394, 393, 392, 391, 390, 387, 801]
917	911	3.1909103	19100.0	9180.0	0.9790264785623136	513	0	0	[917, 782, 787, 789, 795, 799, 807, 583, 604, 603, 398, 536, 535, 437, 436, 435, 495, 494, 493, 492, 496, 497, 532, 531, 530, 528, 527, 525, 526, 542, 902, 515, 905, 908, 911]
608	894	2.0781392	12208.0	4738.0	0.999999999999717	346	0	0	[608, 610, 679, 403, 404, 405, 406, 407, 408, 537, 473, 472, 471, 470, 469, 468, 467, 457, 466, 465, 861, 888, 894]
171	892	3.2827728	14041.0	5911.0	0.8818861941665866	165	205	161	[171, 717, 721, 671, 670, 675, 674, 403, 404, 487, 486, 534, 485, 479, 478, 477, 476, 503, 504, 505, 506, 507, 449, 448, 447, 446, 848, 858, 886, 892]
365	255	3.6390013	17547.0	8022.0	0.9934146668735915	644	1	0	[365, 911, 908, 905, 515, 902, 542, 526, 525, 527, 528, 530, 531, 532, 497, 496, 492, 493, 494, 495, 435, 436, 437, 535, 536, 398, 603, 604, 583, 709, 805, 806, 802, 801, 255]
217	911	2.8610381	13738.0	6573.0	0.9999095156962423	520	0	0	[217, 763, 772, 423, 424, 425, 426, 593, 595, 611, 613, 553, 434, 435, 495, 494, 493, 492, 496, 497, 532, 531, 530, 528, 527, 525, 526, 542, 902, 515, 905, 908, 911]
525	248	2.1847883	11848.0	5319.0	0.9985023438202622	389	44	16	[525, 527, 528, 530, 531, 532, 497, 496, 492, 493, 494, 495, 435, 436, 437, 535, 536, 398, 603, 604, 583, 807, 803, 804, 798, 794, 248]
98	914	0.0222642	9999999.0	0.0	0.0	0	1	0	[]
849	378	51.2715868	16375.0	8132.0	0.928035605675233	530	31	6	[848, 664, 662, 654, 652, 645, 506, 505, 504, 503, 476, 477, 478, 479, 485, 534, 486, 487, 404, 403, 402, 605, 606, 604, 583, 807, 799, 791, 783, 918, 923, 377]
615	369	0.3250199	11972.0	4824.0	1.0	304	44	23	[614, 609, 536, 398, 603, 396, 395, 394, 393, 392, 391, 390, 387, 389, 388, 913, 914, 368]
471	390	0.049273901	10319.0	4247.0	0.9999999705933683	75	1	0	[470, 815, 810, 811, 865, 736, 732, 414, 726, 720, 714, 390, 387, 389]
33	781	89.266477	14392.0	6505.0	0.9999999999999979	1446	48	45	[32, 578, 579, 544, 522, 529, 528, 530, 531, 532, 497, 496, 492, 493, 494, 495, 435, 436, 437, 535, 536, 398, 603, 604, 583, 807, 803, 804, 798, 794, 786, 781, 780]
61	932	208.9142643	11852.0	4574.0	0.999999999997295	964	79	78	[60, 606, 605, 402, 610, 609, 536, 535, 437, 436, 435, 495, 494, 493, 492, 496, 497, 532, 531, 530, 528, 527, 525, 526, 542, 533, 514, 931]
393	897	3.0023241	13517.0	6461.0	0.9710430690964496	338	0	0	[392, 393, 394, 395, 396, 603, 605, 402, 403, 404, 487, 681, 691, 693, 538, 703, 705, 474, 706, 637, 824, 826, 836, 838, 846, 856, 884, 891, 896]
788	517	48.0413017	15919.0	7241.0	0.9999999999998931	298	0	0	[787, 789, 795, 799, 807, 583, 604, 603, 398, 536, 535, 437, 436, 435, 495, 494, 493, 492, 496, 497, 532, 531, 530, 528, 527, 525, 526, 542, 902, 515, 516]
195	882	1.9413732	17364.0	7517.0	0.9999659388178126	107	0	0	[194, 740, 746, 748, 757, 759, 768, 770, 584, 586, 603, 605, 674, 676, 686, 688, 698, 700, 812, 471, 470, 469, 468, 467, 457, 466, 465, 464, 463, 882, 881]
49	901	24.6758358	12985.0	6555.0	0.9931687454569523	621	61	54	[48, 594, 616, 618, 553, 624, 554, 623, 625, 484, 627, 631, 501, 633, 504, 505, 506, 645, 652, 654, 662, 664, 848, 858, 886, 892, 900]
561	896	2.8290681	11973.0	5126.0	0.9863155281843858	451	40	25	[560, 493, 492, 496, 497, 532, 531, 530, 572, 576, 577, 644, 651, 451, 450, 449, 448, 447, 446, 445, 444, 443, 442, 896, 890, 895]
768	463	0.2528904	13449.0	5544.0	1.0	132	1	0	[767, 583, 394, 599, 601, 670, 672, 682, 684, 410, 694, 696, 808, 810, 816, 469, 468, 467, 457, 466, 465, 464, 463, 462]
394	349	0.2744143	12216.0	5189.0	1.0	130	1	0	[393, 394, 599, 601, 670, 672, 682, 684, 410, 694, 696, 808, 810, 816, 469, 468, 467, 457, 466, 465, 861, 888, 894, 348]
2	780	0.422974	11920.0	5400.0	1.0	178	1	0	[1, 547, 617, 615, 598, 431, 430, 427, 426, 425, 424, 423, 422, 421, 420, 753, 748, 749, 745, 791, 787, 782, 781, 780, 779]
229	883	9.6805052	14216.0	5618.0	0.9999997897353923	142	26	11	[228, 774, 588, 590, 607, 608, 610, 679, 403, 404, 405, 406, 407, 408, 537, 473, 472, 471, 470, 469, 468, 467, 457, 466, 465, 464, 463, 882]
370	365	42.6049782	21290.0	9920.0	0.9999987626963535	542	0	0	[369, 915, 916, 781, 786, 794, 798, 804, 803, 807, 583, 604, 603, 605, 402, 403, 404, 487, 486, 534, 485, 479, 478, 477, 476, 503, 504, 505, 506, 507, 508, 666, 668, 850, 852, 859, 860, 909, 910, 364]
849	378	47.2182453	16375.0	8132.0	0.928035605675233	530	31	6	[848, 664, 662, 654, 652, 645, 506, 505, 504, 503, 476, 477, 478, 479, 485, 534, 486, 487, 404, 403, 402, 605, 606, 604, 583, 807, 799, 791, 783, 918, 923, 377]
526	781	12.1024497	14620.0	6510.0	0.999999999725878	429	26	20	[525, 527, 528, 530, 531, 532, 497, 496, 492, 493, 494, 495, 435, 436, 437, 535, 536, 398, 603, 604, 583, 807, 803, 804, 798, 794, 786, 781, 780]
562	929	0.2029699	15658.0	4101.0	1.0	128	1	1	[561, 492, 496, 497, 532, 531, 530, 528, 529, 522, 544, 523, 524, 451, 450, 449, 448, 447, 446, 445, 444, 443, 442, 441, 928]
14	353	4.7341772	11391.0	4946.0	0.9999984528703135	346	58	27	[13, 559, 560, 493, 492, 496, 497, 532, 531, 530, 572, 576, 577, 644, 651, 451, 450, 449, 448, 447, 446, 445, 444, 443, 442, 441, 898, 352]
278	384	0.1323575	16242.0	5177.0	0.999999742829521	338	9	7	[277, 823, 822, 827, 837, 836, 841, 843, 847, 446, 848, 852, 859, 860, 909, 910, 517, 929, 383]
507	389	1.5369936	12693.0	4785.0	0.9999999999900162	219	6	1	[506, 505, 504, 503, 476, 477, 478, 479, 485, 534, 486, 487, 404, 403, 402, 605, 603, 396, 395, 394, 393, 392, 391, 390, 387, 389, 388]
352	785	48.8640313	20149.0	9417.0	0.9522588489716145	713	7	0	[351, 897, 442, 896, 891, 884, 856, 846, 838, 836, 826, 824, 637, 706, 474, 705, 703, 538, 693, 691, 681, 487, 404, 403, 402, 397, 396, 587, 583, 807, 803, 804, 798, 794, 793, 792, 784]
217	347	93.2717662	14473.0	7017.0	1.0	942	81	48	[216, 762, 764, 773, 775, 589, 591, 607, 536, 609, 678, 680, 690, 485, 479, 478, 477, 476, 503, 504, 505, 506, 645, 652, 654, 662, 664, 848, 858, 886, 892, 346]
561	239	0.9080205	11602.0	5515.0	0.9935970512488397	209	7	1	[560, 559, 555, 436, 437, 535, 536, 398, 397, 396, 587, 583, 807, 803, 804, 798, 794, 793, 792, 784, 238]
660	920	10.1623517	12885.0	6250.0	1.0	321	1	0	[659, 581, 580, 574, 573, 531, 532, 497, 496, 492, 493, 494, 495, 435, 434, 553, 613, 611, 595, 593, 426, 425, 424, 423, 422, 421, 420, 419, 418, 738, 739, 919]
225	348	21.3367401	13384.0	5888.0	0.9999999889060645	261	0	0	[224, 770, 584, 586, 399, 397, 402, 403, 404, 487, 486, 534, 485, 479, 478, 477, 476, 503, 504, 505, 506, 507, 508, 666, 668, 850, 852, 859, 887, 893, 347]
284	376	76.2865067	13226.0	5970.0	0.9999999998779229	701	63	35	[283, 829, 467, 468, 469, 470, 471, 472, 473, 537, 408, 407, 406, 405, 404, 403, 679, 610, 608, 591, 589, 775, 773, 764, 762, 753, 751, 742, 921, 375]
723	911	7.9072396	13823.0	6432.0	1.0	131	0	0	[722, 721, 671, 670, 675, 674, 403, 404, 487, 486, 534, 485, 479, 478, 477, 476, 503, 504, 505, 506, 507, 508, 666, 668, 850, 852, 859, 860, 909, 910]
893	379	39.7455718	19118.0	7941.0	0.9999999999389841	382	1	0	[892, 886, 858, 848, 664, 662, 654, 652, 645, 506, 505, 504, 503, 476, 477, 478, 479, 485, 534, 486, 487, 404, 403, 402, 605, 603, 396, 395, 394, 393, 392, 391, 390, 387, 389, 924, 378]
393	910	1.6641208	13447.0	5999.0	0.9999999438326292	199	0	0	[392, 393, 394, 395, 396, 603, 605, 402, 403, 404, 487, 486, 534, 485, 479, 478, 477, 476, 503, 504, 505, 506, 507, 508, 666, 668, 850, 852, 859, 860, 909]
149	930	2.3367268	18024.0	6007.0	0.999999426883262	310	19	6	[148, 694, 699, 698, 537, 703, 702, 477, 476, 503, 504, 505, 506, 507, 508, 666, 668, 850, 849, 853, 906, 907, 516, 517, 929]
214	443	15.9013472	14159.0	6796.0	0.969590893082488	796	16	38	[213, 759, 768, 770, 584, 586, 399, 397, 402, 403, 404, 487, 681, 691, 693, 538, 703, 705, 474, 706, 637, 824, 826, 836, 838, 846, 856, 884, 891, 896, 442]
875	378	0.2583891	14827.0	6868.0	0.9999999999999893	179	10	2	[874, 459, 871, 868, 865, 736, 734, 413, 730, 728, 724, 722, 718, 716, 391, 712, 710, 806, 804, 798, 796, 790, 788, 782, 918, 923, 377]
96	801	8.5666973	11249.0	5233.0	0.8112070433755795	291	9	0	[95, 641, 639, 634, 503, 476, 477, 478, 479, 485, 534, 486, 487, 404, 403, 402, 605, 606, 604, 583, 709, 805, 806, 802, 801, 800]
917	911	30.300165	20021.0	9338.0	0.9999982147912527	521	0	0	[916, 781, 786, 794, 798, 804, 803, 807, 583, 604, 603, 605, 402, 403, 404, 487, 486, 534, 485, 479, 478, 477, 476, 503, 504, 505, 506, 507, 508, 666, 668, 850, 852, 859, 860, 909, 910]
608	894	3.9669101	11505.0	5350.0	0.9999999999999997	206	0	0	[607, 536, 609, 678, 680, 690, 485, 479, 478, 477, 476, 503, 504, 505, 506, 507, 508, 666, 668, 850, 852, 859, 887, 893]
171	892	0.228205	13174.0	6187.0	0.9392558885982333	151	5	0	[170, 716, 718, 722, 724, 728, 730, 413, 734, 736, 865, 868, 819, 818, 828, 833, 455, 835, 845, 855, 862, 884, 891]
365	255	168.8060947	18488.0	8701.0	0.983762030303605	1266	16	5	[364, 910, 909, 860, 859, 852, 850, 668, 666, 508, 507, 506, 505, 504, 503, 476, 477, 478, 479, 485, 534, 486, 487, 404, 403, 402, 605, 606, 604, 583, 709, 805, 806, 802, 801, 800, 254]
217	911	137.7424632	14871.0	7132.0	0.9999999998448018	1141	14	7	[216, 762, 761, 421, 422, 423, 424, 425, 426, 593, 595, 611, 613, 553, 434, 435, 495, 494, 493, 492, 496, 497, 532, 531, 530, 528, 529, 522, 521, 510, 509, 665, 667, 849, 853, 860, 909, 910]
525	248	167.5631296	12537.0	6001.0	0.9993912639171858	1873	247	270	[524, 651, 644, 645, 506, 505, 504, 503, 476, 477, 478, 479, 485, 534, 486, 487, 404, 403, 402, 605, 606, 604, 583, 807, 803, 804, 798, 794, 793, 247]
98	914	12.2682737	13198.0	5004.0	0.999999999965639	232	2	0	[97, 643, 505, 504, 503, 476, 477, 478, 479, 485, 534, 486, 487, 404, 403, 402, 605, 603, 396, 395, 394, 393, 392, 391, 390, 387, 389, 388, 913]
