615	369	0.4779901	9999999.0	0.0	0.0	0	49	26	[]
471	390	0.7759664	7466.0	3442.0	0.9999117282730449	145	0	0	[471, 812, 700, 698, 688, 686, 676, 674, 605, 603, 396, 395, 394, 393, 392, 391, 390]
33	781	2.0931001	12980.0	5845.0	0.9844729619603242	377	0	0	[33, 579, 544, 522, 529, 528, 530, 531, 532, 497, 496, 492, 493, 494, 495, 435, 436, 437, 535, 536, 398, 603, 604, 583, 807, 803, 804, 798, 794, 786, 781]
61	932	0.8838204	9742.0	3868.0	0.9822865061464271	141	0	0	[61, 607, 536, 535, 437, 436, 435, 495, 494, 493, 492, 496, 497, 532, 531, 530, 528, 527, 525, 526, 542, 533, 932]
393	897	4.4872853	13986.0	6580.0	0.8251262201875144	831	12	47	[393, 394, 599, 601, 670, 675, 674, 676, 686, 688, 698, 700, 812, 471, 814, 820, 822, 827, 837, 453, 839, 846, 856, 884, 891, 896, 442, 897]
788	517	1.4828197	17631.0	7698.0	0.8028055064902282	174	45	34	[788, 787, 789, 795, 797, 803, 807, 583, 604, 603, 398, 536, 535, 437, 436, 435, 495, 494, 493, 492, 496, 497, 532, 531, 530, 528, 527, 525, 526, 542, 902, 515, 516, 517]
195	882	2.0702029	16443.0	6983.0	0.9999984882159964	392	3	2	[195, 741, 747, 745, 756, 767, 583, 394, 599, 601, 670, 672, 682, 684, 410, 694, 696, 808, 810, 816, 469, 468, 467, 457, 466, 465, 464, 463, 882]
49	901	0.440773	6979.0	3434.0	0.9999998773982993	65	0	0	[49, 595, 611, 613, 553, 434, 435, 495, 494, 493, 492, 496, 497, 532, 531, 530, 528, 527, 525, 540, 901]
561	896	0.8022215	9585.0	4147.0	0.9999996700716218	97	18	6	[561, 566, 498, 568, 572, 576, 577, 644, 651, 451, 450, 449, 448, 447, 446, 445, 444, 443, 442, 896]
768	463	1.2922025	13386.0	4998.0	0.909222172395282	142	58	34	[768, 770, 584, 586, 399, 397, 402, 403, 404, 405, 406, 407, 408, 537, 473, 472, 471, 470, 469, 468, 467, 457, 466, 465, 464, 463]
394	349	0.1156177	9999999.0	0.0	0.0	0	10	2	[]
2	780	1.261181	11464.0	5336.0	0.9958211556692381	218	22	6	[2, 548, 546, 620, 619, 597, 598, 431, 430, 427, 426, 425, 424, 423, 422, 421, 420, 753, 748, 749, 745, 791, 787, 782, 781, 780]
229	883	1.0717514	13232.0	5271.0	0.9969089479434263	192	1	0	[229, 775, 589, 591, 608, 610, 679, 403, 404, 405, 406, 407, 408, 537, 473, 472, 471, 470, 469, 468, 467, 457, 466, 465, 464, 880, 883]
370	365	3.4933045	20369.0	9316.0	0.8939207964503358	646	2	0	[370, 916, 781, 786, 794, 798, 804, 803, 807, 583, 604, 603, 398, 536, 535, 437, 436, 435, 495, 494, 493, 492, 496, 497, 532, 531, 530, 528, 527, 525, 526, 542, 902, 515, 905, 908, 911, 365]
849	378	1.7161961	16589.0	6744.0	0.9974589828578901	292	0	0	[849, 850, 668, 666, 508, 507, 506, 505, 504, 503, 476, 477, 478, 479, 485, 534, 486, 487, 404, 403, 402, 605, 603, 396, 395, 394, 393, 392, 391, 390, 387, 389, 924, 378]
526	781	4.2709163	14548.0	6465.0	0.8991702236831707	334	219	288	[526, 525, 527, 528, 530, 531, 532, 497, 496, 492, 493, 494, 495, 435, 436, 437, 535, 536, 398, 603, 604, 583, 807, 803, 804, 798, 794, 786, 781]
562	929	0.7654718	14941.0	4423.0	0.863541185600035	119	3	0	[562, 563, 564, 567, 573, 574, 580, 581, 540, 525, 526, 542, 902, 515, 516, 517, 929]
14	353	1.5019642	10918.0	4857.0	0.9319719757518244	245	21	8	[14, 560, 493, 492, 496, 497, 532, 531, 530, 528, 529, 522, 544, 523, 524, 451, 653, 661, 663, 848, 858, 886, 892, 897, 899, 353]
278	384	0.3675609	10653.0	4499.0	0.9999988446572711	57	1	0	[278, 824, 648, 647, 652, 651, 524, 656, 655, 659, 901, 541, 902, 515, 905, 930, 384]
507	389	0.8125605	13094.0	4996.0	0.8000723664889671	98	27	13	[507, 506, 505, 504, 503, 476, 477, 478, 479, 485, 534, 486, 487, 404, 403, 402, 605, 603, 396, 395, 394, 393, 392, 391, 390, 387, 389]
352	785	1.5887149	18770.0	9318.0	0.9999448460197563	272	0	0	[352, 898, 890, 889, 862, 855, 845, 835, 455, 833, 823, 821, 815, 813, 701, 699, 409, 689, 687, 677, 675, 606, 604, 583, 807, 803, 804, 798, 794, 793, 785]
217	347	5.7645102	13974.0	6584.0	0.9637963880395403	1023	40	33	[217, 763, 772, 423, 424, 425, 426, 593, 595, 611, 613, 553, 434, 435, 495, 494, 493, 492, 496, 497, 532, 531, 530, 528, 529, 522, 521, 510, 509, 665, 667, 849, 851, 859, 887, 893, 347]
561	239	3.305873	11087.0	5040.0	0.9371543264087328	490	76	58	[561, 492, 493, 494, 495, 435, 436, 437, 535, 536, 398, 603, 604, 583, 807, 803, 804, 798, 794, 793, 785, 239]
660	920	2.0524813	12633.0	6267.0	0.912569277756709	373	6	2	[660, 659, 581, 580, 574, 573, 531, 532, 497, 496, 492, 493, 494, 495, 435, 434, 553, 613, 611, 595, 593, 426, 425, 424, 423, 422, 421, 761, 752, 750, 742, 920]
225	348	1.1684225	13779.0	5993.0	0.9997588306773665	221	0	0	[225, 771, 585, 587, 396, 603, 605, 674, 676, 686, 688, 698, 700, 812, 471, 470, 469, 468, 467, 457, 466, 465, 861, 888, 894, 348]
284	376	10.8875825	15525.0	6189.0	0.8043670246007539	259	508	1076	[284, 830, 456, 828, 818, 816, 469, 470, 471, 472, 473, 537, 408, 407, 406, 405, 404, 403, 402, 397, 399, 400, 589, 775, 773, 764, 762, 753, 751, 419, 418, 417, 922, 376]
723	911	3.9570041	13275.0	6400.0	0.9820120987201282	720	41	25	[723, 673, 672, 677, 676, 405, 681, 486, 534, 485, 479, 478, 477, 476, 503, 504, 505, 506, 507, 508, 666, 668, 850, 849, 853, 906, 907, 911]
893	379	0.6561181	16103.0	7214.0	0.9999999979727856	109	0	0	[893, 887, 859, 852, 848, 664, 662, 654, 649, 647, 648, 824, 637, 814, 470, 815, 810, 811, 865, 736, 732, 414, 415, 416, 925, 379]
393	910	1.0931654	13716.0	6215.0	0.8507317012314815	211	0	0	[393, 394, 395, 396, 603, 605, 402, 403, 404, 487, 486, 534, 485, 479, 478, 477, 476, 503, 504, 505, 506, 507, 508, 666, 668, 850, 852, 859, 860, 909, 910]
149	930	1.9368108	14011.0	5901.0	0.9590585841244009	347	14	3	[149, 695, 694, 699, 698, 537, 703, 702, 477, 476, 503, 504, 505, 506, 507, 508, 666, 665, 520, 669, 904, 905, 930]
214	443	1.3667395	13947.0	6142.0	0.9677218124042748	237	0	0	[214, 760, 769, 771, 585, 587, 396, 603, 605, 402, 403, 404, 487, 486, 534, 485, 479, 478, 477, 476, 503, 634, 639, 641, 648, 650, 841, 843, 847, 857, 885, 444, 443]
875	378	1.3911682	14139.0	6017.0	1.0	189	0	0	[875, 461, 460, 873, 870, 867, 864, 732, 414, 726, 720, 714, 390, 387, 389, 924, 378]
96	801	2.001793	10960.0	5105.0	0.8102624901913789	330	21	3	[96, 642, 643, 505, 504, 503, 476, 477, 478, 479, 485, 534, 486, 487, 404, 403, 402, 605, 606, 604, 583, 709, 805, 806, 802, 801]
917	911	3.037511	19103.0	8976.0	0.8210605206021777	507	2	0	[917, 782, 787, 789, 795, 797, 803, 807, 583, 604, 603, 398, 536, 535, 437, 436, 435, 495, 494, 493, 492, 496, 497, 532, 531, 530, 528, 527, 525, 526, 542, 902, 515, 905, 908, 911]
608	894	1.8146555	12208.0	4738.0	0.9999956241051199	345	5	2	[608, 610, 679, 403, 404, 405, 406, 407, 408, 537, 473, 472, 471, 470, 469, 468, 467, 457, 466, 465, 861, 888, 894]
171	892	1.4676584	9999999.0	0.0	0.0	0	118	116	[]
365	255	4.7190268	17547.0	8022.0	0.8208525245193448	852	10	9	[365, 911, 908, 905, 515, 902, 542, 526, 525, 527, 528, 530, 531, 532, 497, 496, 492, 493, 494, 495, 435, 436, 437, 535, 536, 398, 603, 604, 583, 709, 805, 806, 802, 801, 255]
217	911	2.8848154	13738.0	6573.0	0.9723179712147426	520	0	0	[217, 763, 772, 423, 424, 425, 426, 593, 595, 611, 613, 553, 434, 435, 495, 494, 493, 492, 496, 497, 532, 531, 530, 528, 527, 525, 526, 542, 902, 515, 905, 908, 911]
525	248	3.8801132	11848.0	5319.0	0.9014973968284564	302	193	260	[525, 527, 528, 530, 531, 532, 497, 496, 492, 493, 494, 495, 435, 436, 437, 535, 536, 398, 603, 604, 583, 807, 803, 804, 798, 794, 248]
98	914	0.0219738	9999999.0	0.0	0.0	0	1	0	[]
