615	369	0.1564904	9999999.0	0.0	0.0	0	13	4	[]
471	390	0.7978591	7466.0	3442.0	0.9999117282730449	145	0	0	[471, 812, 700, 698, 688, 686, 676, 674, 605, 603, 396, 395, 394, 393, 392, 391, 390]
33	781	1.9687197	12980.0	5845.0	0.9644609818269557	368	1	0	[33, 579, 544, 522, 529, 528, 530, 531, 532, 497, 496, 492, 493, 494, 495, 435, 436, 437, 535, 536, 398, 603, 604, 583, 807, 803, 804, 798, 794, 786, 781]
61	932	0.8544172	9742.0	3868.0	0.9737121084684557	141	0	0	[61, 607, 536, 535, 437, 436, 435, 495, 494, 493, 492, 496, 497, 532, 531, 530, 528, 527, 525, 526, 542, 533, 932]
393	897	7.5909186	14053.0	6569.0	0.9644307088499593	1393	39	116	[393, 394, 599, 601, 670, 672, 682, 684, 410, 694, 696, 808, 810, 816, 818, 828, 833, 455, 835, 845, 855, 862, 889, 890, 896, 442, 897]
788	517	12.4203608	17649.0	7432.0	0.8152518555142767	1101	465	764	[788, 790, 796, 798, 804, 803, 807, 583, 587, 396, 603, 398, 536, 535, 437, 436, 435, 495, 494, 493, 492, 496, 497, 532, 531, 530, 528, 527, 525, 526, 542, 902, 515, 516, 517]
195	882	3.5266087	16443.0	6983.0	0.999994985710202	472	109	90	[195, 741, 747, 745, 756, 767, 583, 394, 599, 601, 670, 672, 682, 684, 410, 694, 696, 808, 810, 816, 469, 468, 467, 457, 466, 465, 464, 463, 882]
49	901	0.4221314	6979.0	3434.0	0.9999997445336125	65	0	0	[49, 595, 611, 613, 553, 434, 435, 495, 494, 493, 492, 496, 497, 532, 531, 530, 528, 527, 525, 540, 901]
561	896	0.6934126	9585.0	4147.0	0.9999945668334491	97	1	0	[561, 566, 498, 568, 572, 576, 577, 644, 651, 451, 450, 449, 448, 447, 446, 445, 444, 443, 442, 896]
768	463	1.262946	13386.0	4998.0	0.909222172395282	142	58	34	[768, 770, 584, 586, 399, 397, 402, 403, 404, 405, 406, 407, 408, 537, 473, 472, 471, 470, 469, 468, 467, 457, 466, 465, 464, 463]
394	349	0.1102139	9999999.0	0.0	0.0	0	10	2	[]
2	780	1.0356733	11464.0	5336.0	0.983000402095289	168	3	2	[2, 548, 546, 620, 619, 597, 598, 431, 430, 427, 426, 425, 424, 423, 422, 421, 420, 753, 748, 749, 745, 791, 787, 782, 781, 780]
229	883	1.0619223	13232.0	5271.0	0.9948956404644048	192	1	0	[229, 775, 589, 591, 608, 610, 679, 403, 404, 405, 406, 407, 408, 537, 473, 472, 471, 470, 469, 468, 467, 457, 466, 465, 464, 880, 883]
370	365	3.5828372	20369.0	9316.0	0.8525834833810242	646	2	0	[370, 916, 781, 786, 794, 798, 804, 803, 807, 583, 604, 603, 398, 536, 535, 437, 436, 435, 495, 494, 493, 492, 496, 497, 532, 531, 530, 528, 527, 525, 526, 542, 902, 515, 905, 908, 911, 365]
849	378	1.760450399	16589.0	6744.0	0.9945374480904232	292	0	0	[849, 850, 668, 666, 508, 507, 506, 505, 504, 503, 476, 477, 478, 479, 485, 534, 486, 487, 404, 403, 402, 605, 603, 396, 395, 394, 393, 392, 391, 390, 387, 389, 924, 378]
526	781	3.5246245	14548.0	6465.0	0.8699984990097053	331	161	168	[526, 525, 527, 528, 530, 531, 532, 497, 496, 492, 493, 494, 495, 435, 436, 437, 535, 536, 398, 603, 604, 583, 807, 803, 804, 798, 794, 786, 781]
562	929	0.906444301	14958.0	4039.0	0.9977594969832811	110	17	10	[562, 563, 564, 567, 573, 574, 527, 525, 526, 542, 902, 515, 516, 517, 929]
14	353	5.0378918	11422.0	4763.0	0.8742624277742914	588	55	218	[14, 560, 493, 492, 496, 497, 532, 531, 530, 528, 529, 522, 544, 523, 524, 451, 450, 449, 448, 447, 446, 848, 858, 886, 892, 897, 899, 353]
278	384	0.3805727	10653.0	4499.0	0.9999974780534553	57	1	0	[278, 824, 648, 647, 652, 651, 524, 656, 655, 659, 901, 541, 902, 515, 905, 930, 384]
507	389	0.730564501	13124.0	4852.0	0.9022799126071377	97	16	8	[507, 506, 505, 504, 503, 476, 477, 478, 479, 485, 534, 486, 487, 404, 403, 402, 397, 396, 395, 394, 393, 392, 391, 390, 387, 389]
352	785	1.5541381	18770.0	9318.0	0.9689601127894879	250	1	0	[352, 898, 890, 889, 862, 855, 845, 835, 455, 833, 823, 821, 815, 813, 701, 699, 409, 689, 687, 677, 675, 606, 604, 583, 807, 803, 804, 798, 794, 793, 785]
217	347	4.717230999	13974.0	6584.0	0.9228192038277886	561	154	156	[217, 763, 772, 423, 424, 425, 426, 593, 595, 611, 613, 553, 434, 435, 495, 494, 493, 492, 496, 497, 532, 531, 530, 528, 529, 522, 521, 510, 509, 665, 667, 849, 851, 859, 887, 893, 347]
561	239	2.7023793	11087.0	5040.0	0.8923951301333268	374	70	51	[561, 492, 493, 494, 495, 435, 436, 437, 535, 536, 398, 603, 604, 583, 807, 803, 804, 798, 794, 793, 785, 239]
660	920	2.2670478	12633.0	6267.0	0.8441172666522777	405	13	5	[660, 659, 581, 580, 574, 573, 531, 532, 497, 496, 492, 493, 494, 495, 435, 434, 553, 613, 611, 595, 593, 426, 425, 424, 423, 422, 421, 761, 752, 750, 742, 920]
225	348	1.2116583	13779.0	5993.0	0.9995601445242248	221	0	0	[225, 771, 585, 587, 396, 603, 605, 674, 676, 686, 688, 698, 700, 812, 471, 470, 469, 468, 467, 457, 466, 465, 861, 888, 894, 348]
284	376	9.776518699	15525.0	6118.0	0.8012420579240294	317	456	907	[284, 830, 456, 828, 818, 468, 469, 470, 471, 472, 473, 537, 408, 407, 406, 405, 404, 403, 402, 397, 399, 400, 589, 775, 773, 764, 762, 753, 751, 419, 418, 417, 922, 376]
723	911	3.8172757	13275.0	6400.0	0.9802741302548581	692	56	31	[723, 673, 672, 677, 676, 405, 681, 486, 534, 485, 479, 478, 477, 476, 503, 504, 505, 506, 507, 508, 666, 668, 850, 849, 853, 906, 907, 911]
893	379	0.6413045	16103.0	7214.0	0.9999999921868205	109	0	0	[893, 887, 859, 852, 848, 664, 662, 654, 649, 647, 648, 824, 637, 814, 470, 815, 810, 811, 865, 736, 732, 414, 415, 416, 925, 379]
393	910	1.2106705	13746.0	6071.0	0.9360312305761356	230	2	4	[393, 394, 395, 396, 397, 402, 403, 404, 487, 486, 534, 485, 479, 478, 477, 476, 503, 504, 505, 506, 507, 508, 666, 668, 850, 852, 859, 860, 909, 910]
149	930	1.8184524	14011.0	5901.0	0.9425619863944349	327	8	1	[149, 695, 694, 699, 698, 537, 703, 702, 477, 476, 503, 504, 505, 506, 507, 508, 666, 665, 520, 669, 904, 905, 930]
214	443	1.3647815	13947.0	6142.0	0.922929511023618	237	0	0	[214, 760, 769, 771, 585, 587, 396, 603, 605, 402, 403, 404, 487, 486, 534, 485, 479, 478, 477, 476, 503, 634, 639, 641, 648, 650, 841, 843, 847, 857, 885, 444, 443]
875	378	1.3401819	14139.0	6017.0	1.0	189	0	0	[875, 461, 460, 873, 870, 867, 864, 732, 414, 726, 720, 714, 390, 387, 389, 924, 378]
96	801	1.9152072	10997.0	4744.0	0.9234348538734082	344	9	3	[96, 642, 643, 505, 504, 503, 476, 477, 478, 479, 485, 534, 486, 487, 404, 403, 402, 397, 396, 587, 583, 709, 805, 806, 802, 801]
917	911	5.0479291	19209.0	9254.0	0.8023035182110642	936	10	26	[917, 782, 787, 789, 795, 797, 803, 807, 583, 604, 603, 605, 402, 403, 404, 487, 486, 534, 485, 479, 478, 477, 476, 503, 504, 505, 506, 507, 508, 666, 668, 667, 849, 853, 906, 907, 911]
608	894	1.764731999	12208.0	4738.0	0.999994775346273	345	1	0	[608, 610, 679, 403, 404, 405, 406, 407, 408, 537, 473, 472, 471, 470, 469, 468, 467, 457, 466, 465, 861, 888, 894]
171	892	0.9265758	9999999.0	0.0	0.0	0	79	69	[]
365	255	7.7812472	17554.0	7822.0	0.8210326915421517	1442	36	23	[365, 911, 908, 905, 515, 902, 542, 526, 525, 527, 528, 530, 531, 532, 497, 496, 492, 493, 494, 495, 435, 436, 437, 535, 536, 398, 397, 396, 587, 583, 709, 805, 806, 802, 801, 255]
217	911	2.7997131	13738.0	6573.0	0.9560451571630738	520	0	0	[217, 763, 772, 423, 424, 425, 426, 593, 595, 611, 613, 553, 434, 435, 495, 494, 493, 492, 496, 497, 532, 531, 530, 528, 527, 525, 526, 542, 902, 515, 905, 908, 911]
525	248	3.2838699	11848.0	5319.0	0.8557964401318462	453	105	112	[525, 527, 528, 530, 531, 532, 497, 496, 492, 493, 494, 495, 435, 436, 437, 535, 536, 398, 603, 604, 583, 807, 803, 804, 798, 794, 248]
98	914	0.020064699	9999999.0	0.0	0.0	0	1	0	[]
615	369	0.1336261	11972.0	4824.0	0.9999996233731097	145	37	24	[614, 609, 536, 398, 603, 396, 395, 394, 393, 392, 391, 390, 387, 389, 388, 913, 914, 368]
471	390	0.0400138	10319.0	4247.0	0.9948966001866967	75	1	0	[470, 815, 810, 811, 865, 736, 732, 414, 726, 720, 714, 390, 387, 389]
615	369	0.1226112	11972.0	4824.0	0.9999996233731097	145	37	24	[614, 609, 536, 398, 603, 396, 395, 394, 393, 392, 391, 390, 387, 389, 388, 913, 914, 368]
471	390	0.0384459	10319.0	4247.0	0.9948966001866967	75	1	0	[470, 815, 810, 811, 865, 736, 732, 414, 726, 720, 714, 390, 387, 389]
33	781	164.5498925	14399.0	6396.0	0.8721282026081975	1000	428	586	[32, 578, 579, 544, 522, 529, 528, 530, 531, 532, 497, 496, 492, 493, 494, 495, 435, 436, 437, 535, 536, 398, 603, 396, 587, 583, 807, 803, 804, 798, 794, 786, 781, 780]
61	932	147.0795192	11852.0	4574.0	0.9371965825422618	729	111	94	[60, 606, 605, 402, 610, 609, 536, 535, 437, 436, 435, 495, 494, 493, 492, 496, 497, 532, 531, 530, 528, 527, 525, 526, 542, 533, 514, 931]
393	897	9.4526125	13702.0	5831.0	0.8844527966635436	823	151	225	[392, 393, 394, 395, 396, 397, 402, 403, 404, 487, 486, 534, 485, 479, 478, 477, 476, 503, 634, 639, 641, 648, 650, 841, 843, 847, 857, 885, 891, 896]
788	517	91.1370048	15919.0	7241.0	0.8486649347534241	248	63	52	[787, 789, 795, 799, 807, 583, 604, 603, 398, 536, 535, 437, 436, 435, 495, 494, 493, 492, 496, 497, 532, 531, 530, 528, 527, 525, 526, 542, 902, 515, 516]
195	882	83.4055845	17474.0	6883.0	0.9744234341396631	240	61	40	[194, 740, 746, 748, 757, 759, 768, 770, 584, 586, 399, 397, 402, 403, 404, 405, 406, 407, 408, 537, 473, 472, 471, 470, 469, 468, 467, 457, 466, 465, 464, 463, 882, 881]
49	901	5.9669343	13004.0	6235.0	0.9942526499528346	406	54	46	[48, 594, 616, 618, 551, 552, 559, 560, 493, 492, 496, 497, 532, 531, 530, 528, 529, 522, 544, 523, 524, 451, 653, 661, 663, 848, 858, 886, 892, 900]
561	896	0.4614702	11987.0	4574.0	0.9848576141484655	192	20	10	[560, 493, 492, 496, 497, 532, 531, 530, 528, 529, 522, 544, 523, 524, 451, 450, 449, 448, 447, 446, 445, 444, 443, 442, 896, 890, 895]
768	463	0.1640041	13449.0	5544.0	0.9999779890373893	111	1	0	[767, 583, 394, 599, 601, 670, 672, 682, 684, 410, 694, 696, 808, 810, 816, 469, 468, 467, 457, 466, 465, 464, 463, 462]
394	349	0.1636723	12216.0	5189.0	0.999959797455767	106	1	0	[393, 394, 599, 601, 670, 672, 682, 684, 410, 694, 696, 808, 810, 816, 469, 468, 467, 457, 466, 465, 861, 888, 894, 348]
2	780	0.22025	11920.0	5400.0	0.9999756094795565	153	3	0	[1, 547, 617, 615, 598, 431, 430, 427, 426, 425, 424, 423, 422, 421, 420, 753, 748, 749, 745, 791, 787, 782, 781, 780, 779]
229	883	9.9685451	14286.0	5525.0	0.9070442677020123	321	41	27	[228, 774, 588, 590, 612, 614, 438, 437, 534, 485, 479, 478, 477, 476, 475, 474, 472, 471, 470, 469, 468, 467, 457, 466, 465, 464, 463, 882]
370	365	406.4549509	21327.0	9667.0	0.9737281967620401	694	249	284	[369, 915, 916, 781, 786, 794, 798, 804, 803, 807, 583, 587, 396, 397, 402, 403, 404, 487, 486, 534, 485, 479, 478, 477, 476, 503, 504, 505, 506, 507, 508, 666, 668, 850, 852, 859, 860, 909, 910, 364]
