615	369	0.75206	9999999.0	0.0	0.0	0	64	58	[]
471	390	0.787339299	7466.0	3442.0	0.9723013374811678	128	5	1	[471, 812, 700, 698, 688, 686, 676, 674, 605, 603, 396, 395, 394, 393, 392, 391, 390]
33	781	1.5222061	12980.0	5845.0	0.8241737022495039	288	7	1	[33, 579, 544, 522, 529, 528, 530, 531, 532, 497, 496, 492, 493, 494, 495, 435, 436, 437, 535, 536, 398, 603, 604, 583, 807, 803, 804, 798, 794, 786, 781]
61	932	56.978640701	9910.0	4718.0	0.8002968736750649	1802	1332	7342	[61, 607, 612, 614, 621, 554, 555, 559, 560, 491, 492, 496, 497, 532, 531, 530, 528, 527, 525, 526, 542, 533, 932]
393	897	7.5445957	14053.0	6743.0	0.9098130707407537	1357	39	130	[393, 394, 599, 601, 670, 675, 677, 687, 689, 409, 699, 701, 813, 815, 821, 823, 833, 455, 835, 845, 855, 862, 889, 890, 896, 442, 897]
788	517	130.2276207	9999999.0	0.0	0.0	0	3000	18952	[]
195	882	3.1008771	16443.0	6983.0	0.9973018169478045	437	84	60	[195, 741, 747, 745, 756, 767, 583, 394, 599, 601, 670, 672, 682, 684, 410, 694, 696, 808, 810, 816, 469, 468, 467, 457, 466, 465, 464, 463, 882]
49	901	0.387268	6979.0	3434.0	0.9989319844821712	65	0	0	[49, 595, 611, 613, 553, 434, 435, 495, 494, 493, 492, 496, 497, 532, 531, 530, 528, 527, 525, 540, 901]
561	896	0.7086963	9585.0	4147.0	0.9991056193892682	97	13	11	[561, 566, 498, 568, 572, 576, 577, 644, 651, 451, 450, 449, 448, 447, 446, 445, 444, 443, 442, 896]
768	463	1.7923354	9999999.0	0.0	0.0	0	133	162	[]
394	349	0.1272509	9999999.0	0.0	0.0	0	10	2	[]
2	780	1.2275098	11464.0	5336.0	0.919103705992341	171	31	18	[2, 548, 546, 620, 619, 597, 598, 431, 430, 427, 426, 425, 424, 423, 422, 421, 420, 753, 748, 749, 745, 791, 787, 782, 781, 780]
229	883	1.8157269	13232.0	5271.0	0.89509460920735	141	100	77	[229, 775, 589, 591, 608, 610, 679, 403, 404, 405, 406, 407, 408, 537, 473, 472, 471, 470, 469, 468, 467, 457, 466, 465, 464, 880, 883]
370	365	63.3653872	20512.0	9327.0	0.8010567455581868	4788	1620	5659	[370, 916, 781, 786, 794, 798, 804, 803, 807, 583, 587, 396, 397, 402, 403, 404, 487, 486, 534, 485, 479, 478, 477, 476, 503, 504, 505, 506, 507, 508, 666, 665, 667, 849, 853, 906, 907, 911, 365]
849	378	1.552383	16589.0	6744.0	0.9122924747110969	264	5	1	[849, 850, 668, 666, 508, 507, 506, 505, 504, 503, 476, 477, 478, 479, 485, 534, 486, 487, 404, 403, 402, 605, 603, 396, 395, 394, 393, 392, 391, 390, 387, 389, 924, 378]
526	781	25.7646345	9999999.0	0.0	0.0	0	1080	3825	[]
562	929	1.1163324	14958.0	4039.0	0.946606531000073	58	60	69	[562, 563, 564, 567, 573, 574, 527, 525, 526, 542, 902, 515, 516, 517, 929]
14	353	7.039497	11501.0	4325.0	0.9706152883807944	974	64	329	[14, 560, 493, 492, 496, 497, 532, 531, 530, 528, 529, 522, 544, 523, 524, 451, 450, 449, 448, 447, 446, 445, 444, 443, 442, 897, 899, 353]
278	384	0.4011056	10653.0	4499.0	0.997487975720304	57	1	0	[278, 824, 648, 647, 652, 651, 524, 656, 655, 659, 901, 541, 902, 515, 905, 930, 384]
507	389	1.8741005	9999999.0	0.0	0.0	0	142	185	[]
352	785	1.4972517	18770.0	9318.0	0.998985704561517	272	0	0	[352, 898, 890, 889, 862, 855, 845, 835, 455, 833, 823, 821, 815, 813, 701, 699, 409, 689, 687, 677, 675, 606, 604, 583, 807, 803, 804, 798, 794, 793, 785]
217	347	4.8755439	13982.0	6884.0	0.8383969869742807	356	214	325	[217, 763, 772, 774, 588, 590, 612, 614, 621, 554, 623, 625, 484, 627, 631, 501, 633, 504, 505, 506, 507, 508, 666, 668, 850, 852, 859, 887, 893, 347]
561	239	4.9616639	11437.0	4537.0	0.8674124948844408	543	190	214	[561, 492, 493, 494, 495, 435, 436, 437, 535, 536, 398, 603, 396, 395, 394, 393, 392, 391, 390, 387, 801, 793, 785, 239]
660	920	2.9749918	12757.0	6476.0	0.8202850298052137	501	34	21	[660, 659, 581, 580, 574, 573, 567, 564, 563, 562, 550, 549, 547, 617, 615, 598, 431, 430, 427, 426, 425, 424, 423, 422, 421, 761, 752, 750, 742, 920]
225	348	1.2136268	13779.0	5993.0	0.9668549742058441	221	0	0	[225, 771, 585, 587, 396, 603, 605, 674, 676, 686, 688, 698, 700, 812, 471, 470, 469, 468, 467, 457, 466, 465, 861, 888, 894, 348]
284	376	8.6745809	9999999.0	0.0	0.0	0	439	1145	[]
723	911	10.9569741	13610.0	6450.0	0.8022751104864685	1759	181	256	[723, 673, 672, 677, 687, 686, 406, 691, 693, 692, 478, 477, 476, 503, 504, 505, 506, 507, 508, 509, 665, 667, 849, 853, 906, 907, 911]
893	379	0.6649332	16103.0	7214.0	0.9998850674623432	109	0	0	[893, 887, 859, 852, 848, 664, 662, 654, 649, 647, 648, 824, 637, 814, 470, 815, 810, 811, 865, 736, 732, 414, 415, 416, 925, 379]
393	910	14.901832	9999999.0	0.0	0.0	0	786	2010	[]
149	930	2.9811754	14037.0	5684.0	0.8024223838300466	82	210	285	[149, 695, 694, 699, 698, 537, 703, 702, 477, 476, 503, 504, 505, 506, 507, 508, 509, 510, 520, 669, 904, 905, 930]
214	443	1.7381525	13977.0	5998.0	0.891604604863107	295	15	11	[214, 760, 769, 771, 585, 587, 396, 397, 402, 403, 404, 487, 486, 534, 485, 479, 478, 477, 476, 503, 634, 639, 641, 648, 650, 841, 843, 847, 857, 885, 444, 443]
875	378	1.1662851	14139.0	6017.0	0.9999999999263116	189	0	0	[875, 461, 460, 873, 870, 867, 864, 732, 414, 726, 720, 714, 390, 387, 389, 924, 378]
96	801	1.8836185	11050.0	4423.0	0.8157098876395668	325	26	16	[96, 642, 643, 505, 504, 503, 476, 477, 478, 479, 485, 534, 486, 487, 404, 403, 402, 605, 603, 396, 395, 394, 393, 392, 391, 390, 387, 801]
917	911	145.8082373	20184.0	8940.0	0.8038279988801729	9569	2589	15540	[917, 782, 787, 791, 799, 756, 767, 583, 394, 395, 396, 397, 402, 403, 404, 487, 486, 534, 485, 479, 478, 477, 476, 503, 504, 505, 506, 507, 508, 509, 510, 520, 518, 667, 849, 853, 906, 907, 911]
608	894	1.2670209	12208.0	4738.0	0.9929757194167305	177	38	17	[608, 610, 679, 403, 404, 405, 406, 407, 408, 537, 473, 472, 471, 470, 469, 468, 467, 457, 466, 465, 861, 888, 894]
171	892	0.7988673	9999999.0	0.0	0.0	0	71	67	[]
365	255	30.0068777	17712.0	7776.0	0.8275255992121598	1641	1010	2823	[365, 911, 907, 906, 853, 849, 850, 668, 666, 508, 507, 506, 505, 504, 503, 476, 477, 478, 479, 485, 534, 486, 487, 404, 403, 402, 605, 603, 396, 395, 394, 393, 392, 391, 390, 387, 801, 255]
217	911	23.5297056	13846.0	6877.0	0.8029322152547121	4100	82	364	[217, 763, 772, 423, 424, 425, 426, 593, 595, 594, 616, 618, 551, 552, 559, 560, 493, 492, 496, 497, 532, 531, 530, 528, 527, 525, 526, 542, 902, 515, 905, 908, 911]
525	248	19.2644148	9999999.0	0.0	0.0	0	822	2835	[]
98	914	0.0218317	9999999.0	0.0	0.0	0	1	0	[]
849	378	70.4138206	16908.0	7686.0	0.8077167875116431	598	51	82	[848, 664, 662, 654, 652, 645, 640, 638, 504, 503, 476, 477, 478, 479, 485, 534, 486, 487, 404, 403, 402, 397, 396, 587, 585, 771, 767, 756, 745, 737, 783, 918, 923, 377]
526	781	122.1811362	9999999.0	0.0	0.0	0	712	2637	[]
562	929	0.1589927	15658.0	4101.0	0.9847977257147922	65	68	49	[561, 492, 496, 497, 532, 531, 530, 528, 529, 522, 544, 523, 524, 451, 450, 449, 448, 447, 446, 445, 444, 443, 442, 441, 928]
14	353	9.4973189	11405.0	4394.0	0.9999814476602501	195	173	235	[13, 559, 560, 493, 492, 496, 497, 532, 531, 530, 528, 529, 522, 544, 523, 524, 451, 450, 449, 448, 447, 446, 445, 444, 443, 442, 441, 898, 352]
278	384	0.1117766	16379.0	5106.0	0.867028986498057	300	12	22	[277, 823, 822, 827, 837, 836, 841, 840, 842, 664, 848, 852, 851, 853, 906, 907, 516, 517, 929, 383]
507	389	0.2768101	9999999.0	0.0	0.0	0	123	159	[]
352	785	91.6299681	20216.0	8797.0	0.9378083937093049	824	44	18	[351, 897, 442, 896, 891, 884, 862, 855, 845, 835, 455, 833, 828, 818, 819, 817, 811, 865, 736, 732, 414, 415, 416, 912, 800, 792, 784]
217	347	241.1548887	14473.0	7017.0	0.9137812051951801	1632	263	651	[216, 762, 764, 773, 775, 589, 591, 607, 536, 609, 678, 680, 690, 485, 479, 478, 477, 476, 503, 504, 505, 506, 645, 652, 654, 662, 664, 848, 858, 886, 892, 346]
561	239	0.1629183	11945.0	5212.0	0.8939837942782821	163	18	22	[560, 559, 555, 436, 437, 535, 536, 398, 603, 396, 395, 394, 393, 392, 391, 390, 387, 801, 793, 792, 784, 238]
660	920	12.8463088	13009.0	6459.0	0.934536013402856	447	65	55	[659, 581, 580, 574, 573, 567, 564, 563, 562, 550, 549, 547, 617, 615, 598, 431, 430, 427, 426, 425, 424, 423, 422, 421, 420, 419, 418, 738, 739, 919]
225	348	32.8409851	9999999.0	0.0	0.0	0	283	518	[]
284	376	123.0681436	9999999.0	0.0	0.0	0	433	1793	[]
723	911	59.3469618	9999999.0	0.0	0.0	0	765	2025	[]
893	379	156.1035862	20446.0	8455.0	0.9332727610909232	132	1452	13031	[892, 886, 885, 444, 884, 862, 861, 465, 466, 457, 467, 829, 819, 868, 865, 736, 732, 414, 726, 720, 714, 390, 387, 389, 924, 378]
393	910	2.7090721	9999999.0	0.0	0.0	0	490	1203	[]
149	930	40.050403	9999999.0	0.0	0.0	0	310	570	[]
214	443	256.2739783	14511.0	6169.0	0.9883214613237473	653	479	836	[213, 759, 768, 770, 584, 400, 399, 397, 402, 403, 404, 487, 486, 534, 485, 479, 478, 477, 476, 503, 634, 639, 641, 648, 650, 841, 843, 847, 857, 885, 444, 443, 442]
875	378	0.1106455	9999999.0	0.0	0.0	0	80	45	[]
96	801	17.9960126	11369.0	4407.0	0.9708970892527363	96	25	14	[95, 641, 639, 634, 503, 476, 477, 478, 479, 485, 534, 486, 487, 404, 403, 402, 397, 396, 395, 394, 393, 392, 391, 390, 387, 801, 800]
917	911	2006.3112205	9999999.0	0.0	0.0	0	1241	4497	[]
608	894	0.7322169	9999999.0	0.0	0.0	0	196	226	[]
171	892	0.1750209	13311.0	6072.0	0.8240235631635939	168	11	8	[170, 716, 718, 722, 724, 728, 730, 413, 734, 736, 865, 868, 819, 829, 467, 457, 466, 854, 855, 862, 884, 891]
365	255	926.8033311	18608.0	7875.0	0.9460162390656797	1233	1062	5714	[364, 910, 909, 860, 859, 852, 850, 668, 666, 508, 507, 506, 505, 504, 503, 476, 477, 478, 479, 485, 534, 486, 487, 404, 403, 402, 397, 396, 395, 394, 393, 392, 391, 390, 387, 801, 800, 254]
217	911	1109.766483	15445.0	6969.0	0.8099376571366226	2761	1169	3292	[216, 762, 764, 773, 772, 423, 424, 425, 440, 439, 438, 437, 534, 485, 479, 478, 477, 476, 503, 504, 505, 506, 507, 508, 666, 668, 850, 852, 859, 860, 909, 910]
525	248	207.8597146	12917.0	5246.0	0.9361584829152807	1285	418	794	[524, 651, 644, 645, 506, 505, 504, 503, 476, 477, 478, 479, 485, 534, 486, 487, 404, 403, 402, 397, 396, 395, 394, 393, 392, 391, 390, 387, 801, 793, 247]
98	914	2.5575423	9999999.0	0.0	0.0	0	129	196	[]
849	378	68.4620073	16908.0	7686.0	0.8077167875116431	598	51	82	[848, 664, 662, 654, 652, 645, 640, 638, 504, 503, 476, 477, 478, 479, 485, 534, 486, 487, 404, 403, 402, 397, 396, 587, 585, 771, 767, 756, 745, 737, 783, 918, 923, 377]
526	781	117.1372845	9999999.0	0.0	0.0	0	712	2637	[]
562	929	0.1640865	15658.0	4101.0	0.9847977257147922	65	68	49	[561, 492, 496, 497, 532, 531, 530, 528, 529, 522, 544, 523, 524, 451, 450, 449, 448, 447, 446, 445, 444, 443, 442, 441, 928]
615	369	0.1706882	11972.0	4824.0	0.9999997965694132	209	61	44	[614, 609, 536, 398, 603, 396, 395, 394, 393, 392, 391, 390, 387, 389, 388, 913, 914, 368]
471	390	0.0548912	9999999.0	0.0	0.0	0	63	26	[]
33	781	286.9244236	14618.0	6612.0	0.9702949774802163	1399	495	1082	[32, 578, 577, 642, 643, 505, 504, 503, 476, 477, 478, 479, 485, 534, 486, 487, 404, 403, 402, 397, 396, 587, 583, 807, 803, 804, 798, 794, 786, 781, 780]
61	932	84.0204169	12116.0	4737.0	0.8576915915846937	421	151	167	[60, 606, 605, 674, 403, 404, 487, 486, 534, 485, 479, 478, 477, 476, 503, 504, 505, 506, 507, 508, 509, 510, 511, 512, 513, 514, 931]
393	897	32.3641814	13763.0	6632.0	0.9750819681292195	2409	331	1609	[392, 393, 394, 599, 601, 670, 675, 677, 687, 689, 409, 699, 701, 813, 815, 821, 823, 833, 455, 835, 845, 855, 862, 889, 890, 896]
788	517	2001.0938071	9999999.0	0.0	0.0	0	2603	14360	[]
195	882	24.762653	17562.0	6901.0	0.8210046057624506	102	45	41	[194, 740, 746, 748, 757, 759, 768, 770, 584, 400, 399, 397, 402, 403, 404, 405, 406, 407, 408, 537, 473, 472, 471, 470, 469, 468, 467, 457, 466, 465, 464, 463, 882, 881]
49	901	127.4886058	13004.0	6235.0	0.9220617296859234	206	184	244	[48, 594, 616, 618, 551, 552, 559, 560, 493, 492, 496, 497, 532, 531, 530, 528, 529, 522, 544, 523, 524, 451, 653, 661, 663, 848, 858, 886, 892, 900]
561	896	8.8059642	11987.0	4574.0	0.9329608861201943	274	139	148	[560, 493, 492, 496, 497, 532, 531, 530, 528, 529, 522, 544, 523, 524, 451, 450, 449, 448, 447, 446, 445, 444, 443, 442, 896, 890, 895]
768	463	0.1147039	9999999.0	0.0	0.0	0	66	31	[]
394	349	0.0920075	9999999.0	0.0	0.0	0	47	26	[]
2	780	0.2353403	11920.0	5400.0	0.9999368439175121	153	24	9	[1, 547, 617, 615, 598, 431, 430, 427, 426, 425, 424, 423, 422, 421, 420, 753, 748, 749, 745, 791, 787, 782, 781, 780, 779]
229	883	6.3368252	9999999.0	0.0	0.0	0	259	287	[]
370	365	2002.0103289	9999999.0	0.0	0.0	0	860	2440	[]
849	378	74.5744781	16908.0	7686.0	0.8077167875116431	598	51	82	[848, 664, 662, 654, 652, 645, 640, 638, 504, 503, 476, 477, 478, 479, 485, 534, 486, 487, 404, 403, 402, 397, 396, 587, 585, 771, 767, 756, 745, 737, 783, 918, 923, 377]
526	781	129.009192	9999999.0	0.0	0.0	0	712	2637	[]
562	929	0.1711056	15658.0	4101.0	0.9847977257147922	65	68	49	[561, 492, 496, 497, 532, 531, 530, 528, 529, 522, 544, 523, 524, 451, 450, 449, 448, 447, 446, 445, 444, 443, 442, 441, 928]
14	353	9.9290266	11405.0	4394.0	0.9999814476602501	195	173	235	[13, 559, 560, 493, 492, 496, 497, 532, 531, 530, 528, 529, 522, 544, 523, 524, 451, 450, 449, 448, 447, 446, 445, 444, 443, 442, 441, 898, 352]
278	384	0.11457	16379.0	5106.0	0.867028986498057	300	12	22	[277, 823, 822, 827, 837, 836, 841, 840, 842, 664, 848, 852, 851, 853, 906, 907, 516, 517, 929, 383]
507	389	0.2843462	9999999.0	0.0	0.0	0	123	159	[]
352	785	95.1865829	20216.0	8797.0	0.9378083937093049	824	44	18	[351, 897, 442, 896, 891, 884, 862, 855, 845, 835, 455, 833, 828, 818, 819, 817, 811, 865, 736, 732, 414, 415, 416, 912, 800, 792, 784]
217	347	256.7828673	14473.0	7017.0	0.9137812051951801	1632	263	651	[216, 762, 764, 773, 775, 589, 591, 607, 536, 609, 678, 680, 690, 485, 479, 478, 477, 476, 503, 504, 505, 506, 645, 652, 654, 662, 664, 848, 858, 886, 892, 346]
561	239	0.1785443	11945.0	5212.0	0.8939837942782821	163	18	22	[560, 559, 555, 436, 437, 535, 536, 398, 603, 396, 395, 394, 393, 392, 391, 390, 387, 801, 793, 792, 784, 238]
660	920	13.6233609	13009.0	6459.0	0.934536013402856	447	65	55	[659, 581, 580, 574, 573, 567, 564, 563, 562, 550, 549, 547, 617, 615, 598, 431, 430, 427, 426, 425, 424, 423, 422, 421, 420, 419, 418, 738, 739, 919]
225	348	35.0102756	9999999.0	0.0	0.0	0	283	518	[]
284	376	130.2693141	9999999.0	0.0	0.0	0	433	1793	[]
723	911	62.4608859	9999999.0	0.0	0.0	0	765	2025	[]
893	379	160.8756335	20446.0	8455.0	0.9332727610909232	132	1452	13031	[892, 886, 885, 444, 884, 862, 861, 465, 466, 457, 467, 829, 819, 868, 865, 736, 732, 414, 726, 720, 714, 390, 387, 389, 924, 378]
393	910	2.741278	9999999.0	0.0	0.0	0	490	1203	[]
149	930	42.2075185	9999999.0	0.0	0.0	0	310	570	[]
214	443	271.1056337	14511.0	6169.0	0.9883214613237473	653	479	836	[213, 759, 768, 770, 584, 400, 399, 397, 402, 403, 404, 487, 486, 534, 485, 479, 478, 477, 476, 503, 634, 639, 641, 648, 650, 841, 843, 847, 857, 885, 444, 443, 442]
875	378	0.1124579	9999999.0	0.0	0.0	0	80	45	[]
96	801	18.9449886	11369.0	4407.0	0.9708970892527363	96	25	14	[95, 641, 639, 634, 503, 476, 477, 478, 479, 485, 534, 486, 487, 404, 403, 402, 397, 396, 395, 394, 393, 392, 391, 390, 387, 801, 800]
917	911	2003.6470652	9999999.0	0.0	0.0	0	1212	4319	[]
608	894	0.71093	9999999.0	0.0	0.0	0	196	226	[]
171	892	0.1783152	13311.0	6072.0	0.8240235631635939	168	11	8	[170, 716, 718, 722, 724, 728, 730, 413, 734, 736, 865, 868, 819, 829, 467, 457, 466, 854, 855, 862, 884, 891]
365	255	983.2907911	18608.0	7875.0	0.9460162390656797	1233	1062	5714	[364, 910, 909, 860, 859, 852, 850, 668, 666, 508, 507, 506, 505, 504, 503, 476, 477, 478, 479, 485, 534, 486, 487, 404, 403, 402, 397, 396, 395, 394, 393, 392, 391, 390, 387, 801, 800, 254]
217	911	1184.4159772	15445.0	6969.0	0.8099376571366226	2761	1169	3292	[216, 762, 764, 773, 772, 423, 424, 425, 440, 439, 438, 437, 534, 485, 479, 478, 477, 476, 503, 504, 505, 506, 507, 508, 666, 668, 850, 852, 859, 860, 909, 910]
525	248	218.0236998	12917.0	5246.0	0.9361584829152807	1285	418	794	[524, 651, 644, 645, 506, 505, 504, 503, 476, 477, 478, 479, 485, 534, 486, 487, 404, 403, 402, 397, 396, 395, 394, 393, 392, 391, 390, 387, 801, 793, 247]
98	914	2.6850974	9999999.0	0.0	0.0	0	129	196	[]
56	387	1005.5924607	9999999.0	0.0	0.0	0	900	2229	[]
630	781	2.1027459	11325.0	5178.0	0.9971086515450607	296	22	11	[629, 625, 626, 485, 534, 486, 487, 404, 403, 402, 397, 396, 587, 583, 807, 803, 804, 798, 794, 786, 781, 780]
462	743	36.9176223	15406.0	6067.0	0.9837303388230403	166	123	140	[461, 460, 459, 458, 457, 467, 468, 469, 470, 471, 472, 473, 537, 408, 407, 406, 405, 404, 403, 402, 397, 399, 400, 589, 775, 773, 764, 762, 753, 751, 742]
736	418	20.7202374	11172.0	5500.0	0.8210591698423413	597	286	275	[735, 733, 412, 729, 727, 723, 721, 717, 715, 392, 711, 583, 767, 756, 745, 747, 746, 740, 738, 920, 417]
376	929	215.9421631	23652.0	8211.0	0.8051133978643028	1050	114	156	[375, 921, 742, 750, 752, 761, 421, 422, 423, 424, 425, 440, 439, 438, 437, 534, 485, 479, 478, 477, 476, 503, 634, 639, 641, 648, 650, 841, 843, 847, 857, 885, 891, 896, 442, 441, 928]
241	383	510.0849788	24255.0	9040.0	0.8040382390818193	1187	408	770	[240, 786, 794, 798, 804, 803, 807, 583, 394, 599, 601, 670, 672, 682, 684, 410, 694, 696, 808, 810, 816, 818, 828, 456, 830, 835, 845, 855, 862, 889, 890, 898, 441, 928, 382]
704	373	0.5462946	9727.0	5057.0	0.9847376152040634	95	3	0	[703, 538, 693, 691, 681, 487, 404, 403, 402, 397, 396, 587, 583, 807, 799, 791, 783, 918, 372]
472	928	0.0327956	9999999.0	0.0	0.0	0	31	13	[]
850	374	44.1296497	14854.0	6327.0	0.9591779017380571	665	14	13	[849, 667, 665, 509, 510, 521, 522, 529, 528, 530, 531, 532, 497, 496, 492, 493, 494, 495, 435, 434, 433, 432, 431, 430, 427, 426, 425, 424, 423, 422, 421, 420, 419, 418, 738, 739, 919, 373]
748	381	0.8214802	15729.0	6650.0	0.9999999995282027	278	105	57	[747, 745, 756, 767, 583, 394, 599, 601, 670, 672, 682, 684, 410, 694, 696, 808, 810, 816, 469, 468, 467, 457, 458, 459, 460, 461, 926, 380]
88	382	0.120964	13198.0	4586.0	0.824947445251176	55	37	18	[87, 633, 634, 503, 476, 475, 474, 472, 471, 470, 469, 468, 467, 457, 466, 465, 464, 463, 462, 927, 381]
258	365	473.3120976	15487.0	7093.0	0.946492625347219	529	488	900	[257, 803, 807, 583, 587, 396, 397, 402, 403, 404, 487, 486, 534, 485, 479, 478, 477, 476, 503, 504, 505, 506, 507, 508, 666, 668, 850, 852, 859, 860, 909, 910, 364]
7	335	0.4022544	11157.0	4686.0	0.8567630782361844	82	170	157	[6, 552, 495, 555, 556, 489, 630, 635, 500, 501, 502, 476, 475, 474, 472, 471, 470, 469, 468, 467, 457, 466, 465, 464, 880, 334]
103	919	11.5568392	12227.0	5802.0	0.889546029919378	258	11	3	[102, 648, 641, 639, 634, 503, 476, 477, 478, 479, 485, 534, 486, 487, 404, 403, 402, 397, 396, 587, 583, 807, 799, 791, 783, 918]
483	389	0.091788	10210.0	3670.0	0.9939531781769176	57	15	7	[482, 479, 485, 534, 486, 487, 404, 403, 402, 397, 396, 395, 394, 393, 392, 391, 390, 387, 389, 388]
665	923	63.492484	14639.0	5807.0	0.9994140276949046	396	311	443	[664, 662, 654, 652, 645, 506, 505, 504, 503, 476, 477, 478, 479, 485, 534, 437, 438, 439, 440, 425, 424, 423, 422, 421, 420, 419, 418, 417, 922]
264	780	0.0276033	11761.0	5007.0	0.8704514045863696	83	5	0	[263, 809, 865, 736, 732, 414, 415, 416, 912, 800, 792, 784, 779]
471	786	0.2901446	11000.0	4725.0	0.9999999999995586	174	47	34	[470, 815, 810, 811, 865, 736, 732, 414, 726, 720, 714, 390, 387, 801, 793, 785]
727	362	91.6651209	12812.0	6108.0	0.9177584841740438	325	93	57	[726, 730, 729, 685, 684, 689, 688, 698, 537, 703, 702, 477, 476, 503, 504, 505, 506, 507, 508, 666, 668, 850, 849, 853, 906, 907, 361]
531	239	2.5908866	13294.0	5323.0	0.9709066825716439	406	36	45	[530, 531, 532, 497, 496, 492, 493, 494, 495, 435, 436, 437, 535, 536, 398, 603, 396, 395, 394, 393, 392, 391, 390, 387, 801, 793, 792, 784, 238]
884	740	38.2595645	16244.0	7066.0	0.8277421907482152	107	104	116	[883, 880, 464, 465, 466, 457, 467, 468, 469, 816, 810, 808, 696, 694, 410, 684, 682, 672, 670, 601, 599, 394, 583, 767, 756, 745, 747, 741, 739]
858	921	33.1064425	14382.0	6261.0	0.9728550784390456	164	22	12	[857, 847, 843, 841, 650, 648, 641, 639, 634, 503, 476, 477, 478, 479, 485, 534, 437, 438, 439, 440, 425, 424, 423, 422, 421, 761, 752, 750, 742, 920]
549	884	0.5845025	12634.0	5204.0	0.9755601069088077	142	239	271	[548, 550, 562, 561, 566, 565, 499, 500, 501, 502, 476, 475, 474, 472, 471, 470, 469, 468, 467, 457, 466, 465, 464, 880, 883]
412	198	0.4116307	10556.0	4532.0	0.9794352947373689	151	50	44	[411, 410, 409, 408, 407, 406, 405, 404, 403, 402, 397, 399, 400, 589, 775, 773, 764, 762, 753, 751, 742, 743, 197]
263	377	15.3908804	13071.0	5945.0	0.9999999995918618	791	23	21	[262, 808, 696, 694, 410, 684, 682, 672, 670, 601, 599, 394, 583, 767, 756, 745, 747, 741, 740, 738, 920, 417, 922, 376]
812	920	0.1447877	10774.0	5231.0	0.8251014789116787	150	80	30	[811, 810, 808, 696, 694, 410, 684, 682, 672, 670, 601, 599, 394, 583, 767, 756, 745, 737, 919]
288	917	1.7384721	13864.0	6517.0	0.9998712533996211	851	93	67	[287, 833, 828, 818, 816, 810, 808, 696, 694, 410, 684, 682, 672, 670, 601, 599, 394, 583, 807, 803, 804, 798, 794, 786, 781, 916]
219	929	4.2399343	20570.0	7125.0	0.9997142171730422	515	22	32	[218, 764, 773, 775, 589, 591, 607, 536, 609, 678, 680, 690, 485, 479, 478, 477, 476, 503, 634, 639, 641, 648, 650, 841, 843, 847, 857, 885, 444, 443, 442, 441, 928]
247	443	654.7548893	18592.0	8142.0	0.9971948797283056	1888	402	630	[246, 792, 800, 912, 416, 415, 414, 732, 736, 865, 811, 817, 819, 818, 828, 833, 455, 835, 845, 855, 862, 884, 891, 896, 442]
838	255	0.1758931	12329.0	5324.0	0.9693364725382405	246	118	83	[837, 832, 822, 820, 821, 815, 810, 811, 865, 736, 732, 414, 415, 416, 912, 800, 254]
103	782	26.6594938	12459.0	5504.0	0.9567645396883899	173	45	26	[102, 648, 641, 639, 634, 503, 476, 477, 478, 479, 485, 534, 486, 487, 404, 403, 402, 397, 396, 587, 583, 807, 803, 804, 798, 794, 786, 781]
758	348	11.2872984	14810.0	6564.0	0.9631802706713951	106	297	514	[757, 759, 768, 770, 584, 400, 399, 397, 402, 403, 404, 487, 486, 534, 485, 479, 478, 477, 476, 503, 504, 505, 506, 507, 508, 666, 668, 850, 852, 859, 887, 893, 347]
535	895	0.2380267	9999999.0	0.0	0.0	0	138	99	[]
213	518	227.6667078	15766.0	7211.0	0.8317079018679161	1634	27	103	[212, 758, 760, 759, 764, 773, 772, 423, 424, 425, 426, 593, 592, 594, 616, 618, 551, 552, 559, 560, 493, 492, 496, 497, 532, 531, 530, 528, 527, 525, 526, 542, 902, 515, 516, 517]
547	891	24.5686074	12078.0	4782.0	0.9524765360644489	238	397	561	[546, 548, 550, 562, 563, 564, 567, 532, 531, 530, 528, 529, 522, 544, 523, 524, 451, 450, 449, 448, 447, 446, 445, 444, 443, 442, 896, 890]
823	198	23.2206954	11563.0	5023.0	0.8603916228696825	357	185	340	[822, 820, 814, 471, 472, 474, 475, 476, 477, 478, 479, 485, 534, 437, 438, 439, 440, 425, 424, 778, 776, 766, 765, 755, 754, 744, 743, 197]
415	442	0.2235055	11878.0	5447.0	0.8587540287049824	511	21	17	[414, 732, 736, 865, 868, 819, 818, 828, 456, 830, 835, 845, 855, 862, 889, 890, 898, 441]
716	910	254.774099	13470.0	6378.0	0.9679957328078572	591	378	753	[715, 600, 602, 601, 670, 675, 674, 403, 404, 487, 486, 534, 485, 479, 478, 477, 476, 503, 504, 505, 506, 507, 508, 666, 668, 850, 852, 859, 860, 909]
308	915	689.845079	19297.0	8695.0	0.8173328024728974	2460	626	2004	[307, 853, 849, 850, 668, 666, 508, 507, 506, 505, 504, 503, 476, 477, 478, 479, 485, 534, 486, 487, 404, 403, 402, 397, 396, 587, 583, 807, 803, 804, 798, 794, 786, 781, 916, 915, 914]
432	879	7.0389197	13687.0	5591.0	0.9975693336415118	527	242	228	[431, 594, 611, 613, 438, 437, 534, 485, 479, 478, 477, 476, 475, 474, 472, 471, 470, 469, 468, 467, 457, 458, 459, 460, 461, 875, 878]
326	383	0.0680062	14009.0	4155.0	0.9999961903330327	68	33	15	[325, 871, 831, 458, 457, 466, 854, 855, 862, 889, 890, 898, 441, 928, 382]
828	255	0.1148271	11983.0	5038.0	0.8103616155607037	176	86	47	[827, 822, 823, 468, 818, 819, 868, 865, 736, 732, 414, 415, 416, 912, 800, 254]
639	383	0.0487128	13717.0	3878.0	0.9994769110268336	49	4	1	[638, 640, 647, 649, 452, 840, 842, 847, 857, 885, 444, 443, 442, 441, 928, 382]
427	330	2.6477877	9999999.0	0.0	0.0	0	256	220	[]
426	883	0.4887231	13674.0	4984.0	0.8130522524466535	72	67	39	[425, 440, 439, 438, 437, 534, 485, 479, 478, 477, 476, 475, 474, 472, 471, 470, 469, 468, 467, 457, 466, 465, 464, 463, 882]
563	330	0.1367098	9999999.0	0.0	0.0	0	124	177	[]
