615	369	1.175064	11896.0	5095.0	0.8073610166396296	108	56	40	[615, 598, 431, 430, 427, 426, 425, 424, 423, 422, 421, 420, 419, 418, 738, 739, 737, 783, 782, 781, 916, 915, 369]
471	390	0.815683001	7466.0	3442.0	0.995466880393017	142	1	0	[471, 812, 700, 698, 688, 686, 676, 674, 605, 603, 396, 395, 394, 393, 392, 391, 390]
33	781	1.976639999	12980.0	5845.0	0.9376573362811798	377	0	0	[33, 579, 544, 522, 529, 528, 530, 531, 532, 497, 496, 492, 493, 494, 495, 435, 436, 437, 535, 536, 398, 603, 604, 583, 807, 803, 804, 798, 794, 786, 781]
61	932	0.869404301	9742.0	3868.0	0.9106114000455663	141	0	0	[61, 607, 536, 535, 437, 436, 435, 495, 494, 493, 492, 496, 497, 532, 531, 530, 528, 527, 525, 526, 542, 533, 932]
393	897	4.3474838	13986.0	6580.0	0.8138204670938254	811	8	45	[393, 394, 599, 601, 670, 675, 674, 676, 686, 688, 698, 700, 812, 471, 814, 820, 822, 827, 837, 453, 839, 846, 856, 884, 891, 896, 442, 897]
788	517	132.4096819	18900.0	8086.0	0.802475595657911	3934	3090	16949	[788, 787, 791, 799, 756, 767, 583, 394, 395, 396, 397, 402, 403, 404, 487, 486, 534, 485, 479, 478, 477, 476, 503, 504, 505, 506, 507, 508, 509, 510, 520, 518, 667, 849, 853, 906, 907, 516, 517]
195	882	4.6007728	16443.0	6983.0	0.9998457002997871	505	189	160	[195, 741, 747, 745, 756, 767, 583, 394, 599, 601, 670, 672, 682, 684, 410, 694, 696, 808, 810, 816, 469, 468, 467, 457, 466, 465, 464, 463, 882]
49	901	0.4489645	6979.0	3434.0	0.9999556849704492	65	0	0	[49, 595, 611, 613, 553, 434, 435, 495, 494, 493, 492, 496, 497, 532, 531, 530, 528, 527, 525, 540, 901]
561	896	0.7779748	9585.0	4147.0	0.9999748059327496	97	16	12	[561, 566, 498, 568, 572, 576, 577, 644, 651, 451, 450, 449, 448, 447, 446, 445, 444, 443, 442, 896]
768	463	1.3622718	13474.0	5016.0	0.8878414916980649	76	75	84	[768, 770, 584, 400, 399, 397, 402, 403, 404, 405, 406, 407, 408, 537, 473, 472, 471, 470, 469, 468, 467, 457, 466, 465, 464, 463]
394	349	0.1173968	9999999.0	0.0	0.0	0	10	2	[]
2	780	1.4870446	11464.0	5336.0	0.9791499145733829	231	25	11	[2, 548, 546, 620, 619, 597, 598, 431, 430, 427, 426, 425, 424, 423, 422, 421, 420, 753, 748, 749, 745, 791, 787, 782, 781, 780]
229	883	1.0904575	13232.0	5271.0	0.9716798773999468	192	1	0	[229, 775, 589, 591, 608, 610, 679, 403, 404, 405, 406, 407, 408, 537, 473, 472, 471, 470, 469, 468, 467, 457, 466, 465, 464, 880, 883]
370	365	11.170926	20444.0	9644.0	0.8061028561269988	2047	28	56	[370, 916, 781, 786, 794, 798, 804, 803, 807, 583, 604, 603, 605, 402, 403, 404, 487, 486, 534, 485, 479, 478, 477, 476, 503, 504, 505, 506, 507, 508, 666, 668, 850, 849, 853, 906, 907, 911, 365]
849	378	1.6850526	16589.0	6744.0	0.9773139526087948	292	0	0	[849, 850, 668, 666, 508, 507, 506, 505, 504, 503, 476, 477, 478, 479, 485, 534, 486, 487, 404, 403, 402, 605, 603, 396, 395, 394, 393, 392, 391, 390, 387, 389, 924, 378]
526	781	14.2607353	14948.0	6290.0	0.8018569831118394	669	674	1516	[526, 545, 525, 527, 528, 530, 531, 532, 497, 496, 492, 493, 494, 495, 435, 436, 437, 535, 536, 398, 397, 396, 587, 583, 709, 805, 803, 804, 798, 794, 786, 781]
562	929	0.9410776	14958.0	4039.0	0.9891926630641067	107	27	18	[562, 563, 564, 567, 573, 574, 527, 525, 526, 542, 902, 515, 516, 517, 929]
14	353	1.4766045	10918.0	4857.0	0.8916705861015066	214	41	22	[14, 560, 493, 492, 496, 497, 532, 531, 530, 528, 529, 522, 544, 523, 524, 451, 653, 661, 663, 848, 858, 886, 892, 897, 899, 353]
278	384	0.3979232	10653.0	4499.0	0.999848232235643	57	1	0	[278, 824, 648, 647, 652, 651, 524, 656, 655, 659, 901, 541, 902, 515, 905, 930, 384]
507	389	2.7272451	9999999.0	0.0	0.0	0	209	270	[]
352	785	1.4502869	18770.0	9318.0	0.9999679614117173	272	0	0	[352, 898, 890, 889, 862, 855, 845, 835, 455, 833, 823, 821, 815, 813, 701, 699, 409, 689, 687, 677, 675, 606, 604, 583, 807, 803, 804, 798, 794, 793, 785]
217	347	7.3106214	13974.0	6584.0	0.8903107861531863	1046	188	161	[217, 763, 772, 423, 424, 425, 426, 593, 595, 611, 613, 553, 434, 435, 495, 494, 493, 492, 496, 497, 532, 531, 530, 528, 529, 522, 521, 510, 509, 665, 667, 849, 851, 859, 887, 893, 347]
561	239	3.4764901	11087.0	5040.0	0.8304845393106546	453	99	97	[561, 492, 493, 494, 495, 435, 436, 437, 535, 536, 398, 603, 604, 583, 807, 803, 804, 798, 794, 793, 785, 239]
660	920	1.8923448	12635.0	6655.0	0.8296244249829607	338	9	0	[660, 659, 581, 580, 574, 573, 567, 564, 563, 562, 550, 549, 551, 618, 616, 594, 595, 593, 426, 425, 424, 423, 422, 421, 761, 752, 750, 742, 920]
225	348	1.26983	13779.0	5993.0	0.9945225258992237	221	0	0	[225, 771, 585, 587, 396, 603, 605, 674, 676, 686, 688, 698, 700, 812, 471, 470, 469, 468, 467, 457, 466, 465, 861, 888, 894, 348]
284	376	11.6531551	9999999.0	0.0	0.0	0	519	1512	[]
723	911	4.5025102	13275.0	6400.0	0.8835742865374194	855	28	17	[723, 673, 672, 677, 676, 405, 681, 486, 534, 485, 479, 478, 477, 476, 503, 504, 505, 506, 507, 508, 666, 668, 850, 849, 853, 906, 907, 911]
893	379	0.6970267	16103.0	7214.0	0.9999975123071727	109	0	0	[893, 887, 859, 852, 848, 664, 662, 654, 649, 647, 648, 824, 637, 814, 470, 815, 810, 811, 865, 736, 732, 414, 415, 416, 925, 379]
393	910	1.1173054	13746.0	6071.0	0.8485479990644311	200	1	4	[393, 394, 395, 396, 397, 402, 403, 404, 487, 486, 534, 485, 479, 478, 477, 476, 503, 504, 505, 506, 507, 508, 666, 668, 850, 852, 859, 860, 909, 910]
149	930	1.9471826	14011.0	5901.0	0.8411385022451056	305	38	34	[149, 695, 694, 699, 698, 537, 703, 702, 477, 476, 503, 504, 505, 506, 507, 508, 666, 665, 520, 669, 904, 905, 930]
214	443	1.3213063	13947.0	6142.0	0.9071919706524371	237	0	0	[214, 760, 769, 771, 585, 587, 396, 603, 605, 402, 403, 404, 487, 486, 534, 485, 479, 478, 477, 476, 503, 634, 639, 641, 648, 650, 841, 843, 847, 857, 885, 444, 443]
875	378	1.2763644	14139.0	6017.0	0.9999999999999907	189	0	0	[875, 461, 460, 873, 870, 867, 864, 732, 414, 726, 720, 714, 390, 387, 389, 924, 378]
96	801	2.0017971	10997.0	4744.0	0.8982256655602722	364	10	3	[96, 642, 643, 505, 504, 503, 476, 477, 478, 479, 485, 534, 486, 487, 404, 403, 402, 397, 396, 587, 583, 709, 805, 806, 802, 801]
917	911	14.9682253	19215.0	9051.0	0.8544891602655218	2108	200	664	[917, 782, 787, 789, 795, 797, 803, 807, 583, 587, 396, 397, 402, 403, 404, 487, 486, 534, 485, 479, 478, 477, 476, 503, 504, 505, 506, 507, 508, 666, 668, 850, 849, 853, 906, 907, 911]
608	894	1.6017986	12208.0	4738.0	0.9994420534814535	300	3	0	[608, 610, 679, 403, 404, 405, 406, 407, 408, 537, 473, 472, 471, 470, 469, 468, 467, 457, 466, 465, 861, 888, 894]
171	892	1.0049562	9999999.0	0.0	0.0	0	89	85	[]
365	255	38.7937617	17629.0	8241.0	0.8274581331122374	1697	1468	4000	[365, 911, 907, 906, 853, 849, 850, 668, 666, 508, 507, 506, 505, 504, 503, 476, 477, 478, 479, 485, 534, 486, 487, 404, 403, 402, 605, 603, 396, 587, 583, 709, 805, 806, 802, 801, 255]
217	911	2.8528705	13738.0	6573.0	0.8867029596244208	520	0	0	[217, 763, 772, 423, 424, 425, 426, 593, 595, 611, 613, 553, 434, 435, 495, 494, 493, 492, 496, 497, 532, 531, 530, 528, 527, 525, 526, 542, 902, 515, 905, 908, 911]
525	248	13.4624196	11855.0	5119.0	0.8094556975201239	114	735	1737	[525, 527, 528, 530, 531, 532, 497, 496, 492, 493, 494, 495, 435, 436, 437, 535, 536, 398, 397, 396, 587, 583, 807, 803, 804, 798, 794, 248]
98	914	0.0205127	9999999.0	0.0	0.0	0	1	0	[]
849	378	99.2747762	16672.0	7530.0	0.9845171923082995	842	56	56	[848, 664, 662, 654, 652, 645, 506, 505, 504, 503, 476, 477, 478, 479, 485, 534, 486, 487, 404, 403, 402, 397, 396, 587, 585, 771, 769, 760, 758, 749, 745, 737, 783, 918, 923, 377]
526	781	53.1068558	15000.0	5993.0	0.9758233590191228	878	172	263	[525, 527, 528, 530, 531, 532, 497, 496, 492, 493, 494, 495, 435, 436, 437, 535, 536, 398, 603, 396, 395, 394, 393, 392, 391, 390, 387, 801, 793, 785, 780]
562	929	0.1633184	15658.0	4101.0	0.999940058683553	128	20	8	[561, 492, 496, 497, 532, 531, 530, 528, 529, 522, 544, 523, 524, 451, 450, 449, 448, 447, 446, 445, 444, 443, 442, 441, 928]
14	353	2.6421627	11391.0	4946.0	0.9205565222002234	552	94	77	[13, 559, 560, 493, 492, 496, 497, 532, 531, 530, 572, 576, 577, 644, 651, 451, 450, 449, 448, 447, 446, 445, 444, 443, 442, 441, 898, 352]
278	384	0.1246604	16365.0	5124.0	0.9500475733465071	376	9	31	[277, 823, 822, 827, 837, 836, 841, 840, 842, 664, 447, 663, 668, 850, 849, 853, 906, 907, 516, 517, 929, 383]
507	389	1.7192358	12723.0	4641.0	0.9682614397546229	78	13	7	[506, 505, 504, 503, 476, 477, 478, 479, 485, 534, 486, 487, 404, 403, 402, 397, 396, 395, 394, 393, 392, 391, 390, 387, 389, 388]
352	785	85.4466345	20216.0	8797.0	0.9970202454650421	1038	27	4	[351, 897, 442, 896, 891, 884, 862, 855, 845, 835, 455, 833, 828, 818, 819, 817, 811, 865, 736, 732, 414, 415, 416, 912, 800, 792, 784]
217	347	199.4751577	14473.0	7017.0	0.9997771147624286	1488	178	216	[216, 762, 764, 773, 775, 589, 591, 607, 536, 609, 678, 680, 690, 485, 479, 478, 477, 476, 503, 504, 505, 506, 645, 652, 654, 662, 664, 848, 858, 886, 892, 346]
561	239	0.5201042	11945.0	5212.0	0.9936706882693759	211	15	20	[560, 559, 555, 436, 437, 535, 536, 398, 603, 396, 395, 394, 393, 392, 391, 390, 387, 801, 793, 792, 784, 238]
660	920	11.1657386	12885.0	6250.0	0.9389853775735422	333	17	5	[659, 581, 580, 574, 573, 531, 532, 497, 496, 492, 493, 494, 495, 435, 434, 553, 613, 611, 595, 593, 426, 425, 424, 423, 422, 421, 420, 419, 418, 738, 739, 919]
225	348	26.5554155	13472.0	5906.0	0.9735693040286468	94	164	237	[224, 770, 584, 400, 399, 397, 402, 403, 404, 487, 486, 534, 485, 479, 478, 477, 476, 503, 504, 505, 506, 507, 508, 666, 668, 850, 852, 859, 887, 893, 347]
284	376	133.1015215	13317.0	5705.0	0.9742113226472546	309	129	104	[283, 829, 467, 468, 469, 470, 471, 472, 473, 537, 408, 407, 406, 405, 404, 403, 402, 397, 399, 400, 589, 775, 773, 764, 762, 753, 751, 742, 921, 375]
723	911	11.5130242	13996.0	6285.0	0.833397146531927	114	2	7	[722, 721, 671, 670, 675, 674, 403, 404, 487, 486, 534, 485, 479, 478, 477, 476, 503, 504, 505, 506, 507, 508, 509, 665, 667, 849, 853, 906, 909, 910]
893	379	26.8389271	19148.0	7797.0	0.9039073741983437	190	7	5	[892, 886, 858, 848, 664, 662, 654, 652, 645, 506, 505, 504, 503, 476, 477, 478, 479, 485, 534, 486, 487, 404, 403, 402, 397, 396, 395, 394, 393, 392, 391, 390, 387, 389, 924, 378]
393	910	0.5079874	13477.0	5855.0	0.9782609113192823	189	1	4	[392, 393, 394, 395, 396, 397, 402, 403, 404, 487, 486, 534, 485, 479, 478, 477, 476, 503, 504, 505, 506, 507, 508, 666, 668, 850, 852, 859, 860, 909]
149	930	24.8691326	18065.0	5798.0	0.9205223623687492	244	103	115	[148, 694, 699, 698, 537, 703, 702, 477, 476, 503, 504, 505, 506, 507, 508, 509, 665, 667, 849, 853, 906, 907, 516, 517, 929]
214	443	55.9864221	14423.0	6151.0	0.980580405894109	1332	88	171	[213, 759, 768, 770, 584, 586, 399, 397, 402, 403, 404, 487, 486, 534, 485, 479, 478, 477, 476, 503, 634, 639, 641, 648, 650, 841, 843, 847, 857, 885, 444, 443, 442]
875	378	0.1290243	14827.0	6868.0	0.8679179704231579	105	21	7	[874, 459, 871, 868, 865, 736, 734, 413, 730, 728, 724, 722, 718, 716, 391, 712, 710, 806, 804, 798, 796, 790, 788, 782, 918, 923, 377]
96	801	10.0366396	11286.0	4872.0	0.8228161583920356	182	8	1	[95, 641, 639, 634, 503, 476, 477, 478, 479, 485, 534, 486, 487, 404, 403, 402, 397, 396, 587, 583, 709, 805, 806, 802, 801, 800]
917	911	433.7583891	20058.0	9085.0	0.9098090120721033	763	273	405	[916, 781, 786, 794, 798, 804, 803, 807, 583, 587, 396, 397, 402, 403, 404, 487, 486, 534, 485, 479, 478, 477, 476, 503, 504, 505, 506, 507, 508, 666, 668, 850, 852, 859, 860, 909, 910]
608	894	2.4373308	11758.0	5177.0	0.9092193948689182	215	6	11	[607, 536, 535, 437, 534, 485, 479, 478, 477, 476, 503, 504, 505, 506, 507, 508, 666, 668, 850, 852, 859, 887, 893]
171	892	0.149747	13292.0	6087.0	0.9055190327428424	184	6	6	[170, 716, 718, 722, 724, 728, 730, 413, 734, 736, 865, 868, 819, 818, 828, 456, 830, 835, 845, 855, 862, 884, 891]
365	255	695.3035988	18578.0	8019.0	0.983988539729346	2615	472	793	[364, 910, 909, 860, 859, 852, 850, 668, 666, 508, 507, 506, 505, 504, 503, 476, 477, 478, 479, 485, 534, 486, 487, 404, 403, 402, 605, 603, 396, 395, 394, 393, 392, 391, 390, 387, 801, 800, 254]
217	911	1347.4800176	15088.0	6565.0	0.9026609124404601	4681	579	1580	[216, 762, 761, 421, 422, 423, 424, 425, 426, 427, 430, 431, 432, 433, 434, 435, 495, 494, 493, 492, 496, 497, 532, 531, 530, 528, 529, 522, 521, 510, 520, 518, 667, 849, 853, 860, 909, 910]
525	248	127.6241637	12574.0	5640.0	0.8941117389057318	1461	298	512	[524, 651, 644, 645, 506, 505, 504, 503, 476, 477, 478, 479, 485, 534, 486, 487, 404, 403, 402, 397, 396, 587, 583, 807, 803, 804, 798, 794, 793, 247]
98	914	11.0525012	13228.0	4860.0	0.9695948673389904	90	13	7	[97, 643, 505, 504, 503, 476, 477, 478, 479, 485, 534, 486, 487, 404, 403, 402, 397, 396, 395, 394, 393, 392, 391, 390, 387, 389, 388, 913]
849	378	93.5907477	16672.0	7530.0	0.9845171923082995	842	56	56	[848, 664, 662, 654, 652, 645, 506, 505, 504, 503, 476, 477, 478, 479, 485, 534, 486, 487, 404, 403, 402, 397, 396, 587, 585, 771, 769, 760, 758, 749, 745, 737, 783, 918, 923, 377]
526	781	51.9910707	15000.0	5993.0	0.9758233590191228	878	172	263	[525, 527, 528, 530, 531, 532, 497, 496, 492, 493, 494, 495, 435, 436, 437, 535, 536, 398, 603, 396, 395, 394, 393, 392, 391, 390, 387, 801, 793, 785, 780]
562	929	0.1573816	15658.0	4101.0	0.999940058683553	128	20	8	[561, 492, 496, 497, 532, 531, 530, 528, 529, 522, 544, 523, 524, 451, 450, 449, 448, 447, 446, 445, 444, 443, 442, 441, 928]
14	353	2.6151759	11391.0	4946.0	0.9205565222002234	552	94	77	[13, 559, 560, 493, 492, 496, 497, 532, 531, 530, 572, 576, 577, 644, 651, 451, 450, 449, 448, 447, 446, 445, 444, 443, 442, 441, 898, 352]
615	369	0.2225541	11972.0	4824.0	0.9999999999975421	297	48	41	[614, 609, 536, 398, 603, 396, 395, 394, 393, 392, 391, 390, 387, 389, 388, 913, 914, 368]
471	390	0.0499177	10319.0	4247.0	0.8549202754604905	53	13	4	[470, 815, 810, 811, 865, 736, 732, 414, 726, 720, 714, 390, 387, 389]
33	781	342.2323301	14392.0	6505.0	0.8898116978430493	2452	352	782	[32, 578, 579, 544, 522, 529, 528, 530, 531, 532, 497, 496, 492, 493, 494, 495, 435, 436, 437, 535, 536, 398, 603, 604, 583, 807, 803, 804, 798, 794, 786, 781, 780]
61	932	136.9846014	12040.0	4530.0	0.987503262740702	665	109	93	[60, 606, 605, 402, 403, 404, 487, 486, 534, 485, 479, 478, 477, 476, 503, 504, 505, 506, 507, 508, 509, 510, 511, 512, 513, 514, 931]
393	897	8.7907903	13702.0	5831.0	0.8974146005419583	974	53	163	[392, 393, 394, 395, 396, 397, 402, 403, 404, 487, 486, 534, 485, 479, 478, 477, 476, 503, 634, 639, 641, 648, 650, 841, 843, 847, 857, 885, 891, 896]
788	517	703.4033658	15929.0	6837.0	0.9058368130441702	822	551	894	[787, 789, 795, 797, 803, 807, 583, 587, 396, 397, 398, 536, 535, 437, 436, 435, 495, 494, 493, 492, 496, 497, 532, 531, 530, 528, 527, 525, 526, 542, 902, 515, 516]
195	882	64.3257062	17474.0	6883.0	0.8121434390467471	104	120	97	[194, 740, 746, 748, 757, 759, 768, 770, 584, 586, 399, 397, 402, 403, 404, 405, 406, 407, 408, 537, 473, 472, 471, 470, 469, 468, 467, 457, 466, 465, 464, 463, 882, 881]
49	901	35.2712835	13004.0	6235.0	0.9993831998607808	565	177	271	[48, 594, 616, 618, 551, 552, 559, 560, 493, 492, 496, 497, 532, 531, 530, 528, 529, 522, 544, 523, 524, 451, 653, 661, 663, 848, 858, 886, 892, 900]
561	896	2.871273	11987.0	4574.0	0.9964164905348935	445	119	91	[560, 493, 492, 496, 497, 532, 531, 530, 528, 529, 522, 544, 523, 524, 451, 450, 449, 448, 447, 446, 445, 444, 443, 442, 896, 890, 895]
768	463	0.1582681	13449.0	5544.0	0.8425506791231426	87	16	7	[767, 583, 394, 599, 601, 670, 672, 682, 684, 410, 694, 696, 808, 810, 816, 469, 468, 467, 457, 466, 465, 464, 463, 462]
394	349	0.1697671	12216.0	5189.0	0.8399712516336744	79	19	8	[393, 394, 599, 601, 670, 672, 682, 684, 410, 694, 696, 808, 810, 816, 469, 468, 467, 457, 466, 465, 861, 888, 894, 348]
2	780	0.2815208	11920.0	5400.0	0.9999996509160529	207	24	6	[1, 547, 617, 615, 598, 431, 430, 427, 426, 425, 424, 423, 422, 421, 420, 753, 748, 749, 745, 791, 787, 782, 781, 780, 779]
229	883	12.9678281	14327.0	5328.0	0.9952595449745305	217	192	184	[228, 774, 775, 589, 400, 399, 397, 402, 403, 404, 405, 406, 407, 408, 537, 473, 472, 471, 470, 469, 468, 467, 457, 466, 465, 464, 463, 882]
370	365	545.4748445	21327.0	9667.0	0.9110533274703633	788	278	416	[369, 915, 916, 781, 786, 794, 798, 804, 803, 807, 583, 587, 396, 397, 402, 403, 404, 487, 486, 534, 485, 479, 478, 477, 476, 503, 504, 505, 506, 507, 508, 666, 668, 850, 852, 859, 860, 909, 910, 364]
849	378	104.4174036	16672.0	7530.0	0.9845171923082995	842	56	56	[848, 664, 662, 654, 652, 645, 506, 505, 504, 503, 476, 477, 478, 479, 485, 534, 486, 487, 404, 403, 402, 397, 396, 587, 585, 771, 769, 760, 758, 749, 745, 737, 783, 918, 923, 377]
526	781	56.5714203	15000.0	5993.0	0.9758233590191228	878	172	263	[525, 527, 528, 530, 531, 532, 497, 496, 492, 493, 494, 495, 435, 436, 437, 535, 536, 398, 603, 396, 395, 394, 393, 392, 391, 390, 387, 801, 793, 785, 780]
562	929	0.1628874	15658.0	4101.0	0.999940058683553	128	20	8	[561, 492, 496, 497, 532, 531, 530, 528, 529, 522, 544, 523, 524, 451, 450, 449, 448, 447, 446, 445, 444, 443, 442, 441, 928]
14	353	2.74565	11391.0	4946.0	0.9205565222002234	552	94	77	[13, 559, 560, 493, 492, 496, 497, 532, 531, 530, 572, 576, 577, 644, 651, 451, 450, 449, 448, 447, 446, 445, 444, 443, 442, 441, 898, 352]
278	384	0.1312789	16365.0	5124.0	0.9500475733465071	376	9	31	[277, 823, 822, 827, 837, 836, 841, 840, 842, 664, 447, 663, 668, 850, 849, 853, 906, 907, 516, 517, 929, 383]
507	389	1.7569787	12723.0	4641.0	0.9682614397546229	78	13	7	[506, 505, 504, 503, 476, 477, 478, 479, 485, 534, 486, 487, 404, 403, 402, 397, 396, 395, 394, 393, 392, 391, 390, 387, 389, 388]
352	785	89.7003352	20216.0	8797.0	0.9970202454650421	1038	27	4	[351, 897, 442, 896, 891, 884, 862, 855, 845, 835, 455, 833, 828, 818, 819, 817, 811, 865, 736, 732, 414, 415, 416, 912, 800, 792, 784]
217	347	210.6238866	14473.0	7017.0	0.9997771147624286	1488	178	216	[216, 762, 764, 773, 775, 589, 591, 607, 536, 609, 678, 680, 690, 485, 479, 478, 477, 476, 503, 504, 505, 506, 645, 652, 654, 662, 664, 848, 858, 886, 892, 346]
561	239	0.5349694	11945.0	5212.0	0.9936706882693759	211	15	20	[560, 559, 555, 436, 437, 535, 536, 398, 603, 396, 395, 394, 393, 392, 391, 390, 387, 801, 793, 792, 784, 238]
660	920	11.6048399	12885.0	6250.0	0.9389853775735422	333	17	5	[659, 581, 580, 574, 573, 531, 532, 497, 496, 492, 493, 494, 495, 435, 434, 553, 613, 611, 595, 593, 426, 425, 424, 423, 422, 421, 420, 419, 418, 738, 739, 919]
225	348	28.0639764	13472.0	5906.0	0.9735693040286468	94	164	237	[224, 770, 584, 400, 399, 397, 402, 403, 404, 487, 486, 534, 485, 479, 478, 477, 476, 503, 504, 505, 506, 507, 508, 666, 668, 850, 852, 859, 887, 893, 347]
284	376	141.6949131	13317.0	5705.0	0.9742113226472546	309	129	104	[283, 829, 467, 468, 469, 470, 471, 472, 473, 537, 408, 407, 406, 405, 404, 403, 402, 397, 399, 400, 589, 775, 773, 764, 762, 753, 751, 742, 921, 375]
723	911	12.0879439	13996.0	6285.0	0.833397146531927	114	2	7	[722, 721, 671, 670, 675, 674, 403, 404, 487, 486, 534, 485, 479, 478, 477, 476, 503, 504, 505, 506, 507, 508, 509, 665, 667, 849, 853, 906, 909, 910]
893	379	28.5537051	19148.0	7797.0	0.9039073741983437	190	7	5	[892, 886, 858, 848, 664, 662, 654, 652, 645, 506, 505, 504, 503, 476, 477, 478, 479, 485, 534, 486, 487, 404, 403, 402, 397, 396, 395, 394, 393, 392, 391, 390, 387, 389, 924, 378]
393	910	0.5558373	13477.0	5855.0	0.9782609113192823	189	1	4	[392, 393, 394, 395, 396, 397, 402, 403, 404, 487, 486, 534, 485, 479, 478, 477, 476, 503, 504, 505, 506, 507, 508, 666, 668, 850, 852, 859, 860, 909]
149	930	26.3771424	18065.0	5798.0	0.9205223623687492	244	103	115	[148, 694, 699, 698, 537, 703, 702, 477, 476, 503, 504, 505, 506, 507, 508, 509, 665, 667, 849, 853, 906, 907, 516, 517, 929]
214	443	59.0162337	14423.0	6151.0	0.980580405894109	1332	88	171	[213, 759, 768, 770, 584, 586, 399, 397, 402, 403, 404, 487, 486, 534, 485, 479, 478, 477, 476, 503, 634, 639, 641, 648, 650, 841, 843, 847, 857, 885, 444, 443, 442]
875	378	0.1584694	14827.0	6868.0	0.8679179704231579	105	21	7	[874, 459, 871, 868, 865, 736, 734, 413, 730, 728, 724, 722, 718, 716, 391, 712, 710, 806, 804, 798, 796, 790, 788, 782, 918, 923, 377]
96	801	10.3224665	11286.0	4872.0	0.8228161583920356	182	8	1	[95, 641, 639, 634, 503, 476, 477, 478, 479, 485, 534, 486, 487, 404, 403, 402, 397, 396, 587, 583, 709, 805, 806, 802, 801, 800]
917	911	455.7466248	20058.0	9085.0	0.9098090120721033	763	273	405	[916, 781, 786, 794, 798, 804, 803, 807, 583, 587, 396, 397, 402, 403, 404, 487, 486, 534, 485, 479, 478, 477, 476, 503, 504, 505, 506, 507, 508, 666, 668, 850, 852, 859, 860, 909, 910]
608	894	2.5442821	11758.0	5177.0	0.9092193948689182	215	6	11	[607, 536, 535, 437, 534, 485, 479, 478, 477, 476, 503, 504, 505, 506, 507, 508, 666, 668, 850, 852, 859, 887, 893]
171	892	0.1645304	13292.0	6087.0	0.9055190327428424	184	6	6	[170, 716, 718, 722, 724, 728, 730, 413, 734, 736, 865, 868, 819, 818, 828, 456, 830, 835, 845, 855, 862, 884, 891]
365	255	733.6153592	18578.0	8019.0	0.983988539729346	2615	472	793	[364, 910, 909, 860, 859, 852, 850, 668, 666, 508, 507, 506, 505, 504, 503, 476, 477, 478, 479, 485, 534, 486, 487, 404, 403, 402, 605, 603, 396, 395, 394, 393, 392, 391, 390, 387, 801, 800, 254]
217	911	1423.4541778	15088.0	6565.0	0.9026609124404601	4681	579	1580	[216, 762, 761, 421, 422, 423, 424, 425, 426, 427, 430, 431, 432, 433, 434, 435, 495, 494, 493, 492, 496, 497, 532, 531, 530, 528, 529, 522, 521, 510, 520, 518, 667, 849, 853, 860, 909, 910]
525	248	132.8425261	12574.0	5640.0	0.8941117389057318	1461	298	512	[524, 651, 644, 645, 506, 505, 504, 503, 476, 477, 478, 479, 485, 534, 486, 487, 404, 403, 402, 397, 396, 587, 583, 807, 803, 804, 798, 794, 793, 247]
98	914	11.5149399	13228.0	4860.0	0.9695948673389904	90	13	7	[97, 643, 505, 504, 503, 476, 477, 478, 479, 485, 534, 486, 487, 404, 403, 402, 397, 396, 395, 394, 393, 392, 391, 390, 387, 389, 388, 913]
