615	369	1.1257872	11435.0	5121.0	0.876938228895668	160	37	17	[615, 598, 431, 430, 427, 426, 425, 424, 423, 422, 421, 420, 753, 748, 749, 745, 791, 787, 782, 781, 916, 915, 369]
471	390	0.8189987	7466.0	3442.0	0.995466880393017	142	1	0	[471, 812, 700, 698, 688, 686, 676, 674, 605, 603, 396, 395, 394, 393, 392, 391, 390]
33	781	1.9518963	12980.0	5845.0	0.9634568674016025	377	0	0	[33, 579, 544, 522, 529, 528, 530, 531, 532, 497, 496, 492, 493, 494, 495, 435, 436, 437, 535, 536, 398, 603, 604, 583, 807, 803, 804, 798, 794, 786, 781]
61	932	0.842169	9742.0	3868.0	0.9299506388900979	141	0	0	[61, 607, 536, 535, 437, 436, 435, 495, 494, 493, 492, 496, 497, 532, 531, 530, 528, 527, 525, 526, 542, 533, 932]
393	897	1.9169079	13837.0	6428.0	0.8363704281654987	372	1	2	[393, 394, 395, 396, 397, 402, 403, 404, 487, 681, 691, 693, 538, 703, 705, 474, 706, 637, 824, 826, 836, 838, 846, 856, 884, 891, 896, 442, 897]
788	517	20.0354307	17972.0	7988.0	0.8003391892538756	1358	767	1575	[788, 787, 789, 795, 797, 803, 807, 583, 587, 396, 397, 402, 403, 404, 487, 486, 534, 485, 479, 478, 477, 476, 503, 504, 505, 506, 507, 508, 509, 665, 667, 849, 853, 906, 907, 516, 517]
195	882	2.1216685	16443.0	6983.0	0.9999291676557978	398	3	2	[195, 741, 747, 745, 756, 767, 583, 394, 599, 601, 670, 672, 682, 684, 410, 694, 696, 808, 810, 816, 469, 468, 467, 457, 466, 465, 464, 463, 882]
49	901	0.4216476	6979.0	3434.0	0.9999723746276207	65	0	0	[49, 595, 611, 613, 553, 434, 435, 495, 494, 493, 492, 496, 497, 532, 531, 530, 528, 527, 525, 540, 901]
561	896	0.9448314	9585.0	4147.0	0.9999959355465302	97	40	40	[561, 566, 498, 568, 572, 576, 577, 644, 651, 451, 450, 449, 448, 447, 446, 445, 444, 443, 442, 896]
768	463	1.25665	13474.0	5016.0	0.8878414916980649	76	75	84	[768, 770, 584, 400, 399, 397, 402, 403, 404, 405, 406, 407, 408, 537, 473, 472, 471, 470, 469, 468, 467, 457, 466, 465, 464, 463]
394	349	0.1093308	9999999.0	0.0	0.0	0	10	2	[]
2	780	0.5497903	11345.0	5819.0	0.9117980751083943	89	3	0	[2, 548, 546, 620, 619, 597, 598, 596, 777, 776, 423, 422, 421, 420, 753, 748, 749, 745, 791, 787, 782, 781, 780]
229	883	1.081112	13232.0	5271.0	0.979368205506679	192	1	0	[229, 775, 589, 591, 608, 610, 679, 403, 404, 405, 406, 407, 408, 537, 473, 472, 471, 470, 469, 468, 467, 457, 466, 465, 464, 880, 883]
370	365	6.1306994	20376.0	9207.0	0.8001983838503577	1120	8	11	[370, 916, 781, 786, 794, 798, 804, 803, 807, 583, 587, 396, 603, 398, 536, 535, 437, 436, 435, 495, 494, 493, 492, 496, 497, 532, 531, 530, 528, 527, 525, 526, 542, 902, 515, 905, 908, 911, 365]
849	378	1.8256024	16589.0	6744.0	0.986011861252407	292	0	0	[849, 850, 668, 666, 508, 507, 506, 505, 504, 503, 476, 477, 478, 479, 485, 534, 486, 487, 404, 403, 402, 605, 603, 396, 395, 394, 393, 392, 391, 390, 387, 389, 924, 378]
526	781	17.4214126	14555.0	6265.0	0.8167376424734276	143	977	2186	[526, 525, 527, 528, 530, 531, 532, 497, 496, 492, 493, 494, 495, 435, 436, 437, 535, 536, 398, 397, 396, 587, 583, 807, 803, 804, 798, 794, 786, 781]
562	929	0.8081804	14941.0	4423.0	0.8619947649100231	123	3	0	[562, 563, 564, 567, 573, 574, 580, 581, 540, 525, 526, 542, 902, 515, 516, 517, 929]
14	353	2.3481145	10918.0	4857.0	0.9566940270319969	350	45	44	[14, 560, 493, 492, 496, 497, 532, 531, 530, 528, 529, 522, 544, 523, 524, 451, 653, 661, 663, 848, 858, 886, 892, 897, 899, 353]
278	384	0.396978	10653.0	4499.0	0.9999088339467471	57	1	0	[278, 824, 648, 647, 652, 651, 524, 656, 655, 659, 901, 541, 902, 515, 905, 930, 384]
507	389	3.5095694	9999999.0	0.0	0.0	0	244	362	[]
352	785	1.4239553	18770.0	9318.0	0.9999997047787681	272	0	0	[352, 898, 890, 889, 862, 855, 845, 835, 455, 833, 823, 821, 815, 813, 701, 699, 409, 689, 687, 677, 675, 606, 604, 583, 807, 803, 804, 798, 794, 793, 785]
217	347	2.5970741	13886.0	7558.0	0.8114205337317115	504	1	0	[217, 763, 772, 423, 424, 425, 426, 593, 595, 611, 613, 553, 436, 555, 556, 489, 630, 570, 636, 643, 645, 506, 507, 508, 666, 668, 850, 852, 859, 887, 893, 347]
561	239	4.4259945	11087.0	5040.0	0.8795537101335101	681	88	68	[561, 492, 493, 494, 495, 435, 436, 437, 535, 536, 398, 603, 604, 583, 807, 803, 804, 798, 794, 793, 785, 239]
660	920	2.1082841	12633.0	6267.0	0.8565994173913315	372	4	0	[660, 659, 581, 580, 574, 573, 531, 532, 497, 496, 492, 493, 494, 495, 435, 434, 553, 613, 611, 595, 593, 426, 425, 424, 423, 422, 421, 761, 752, 750, 742, 920]
225	348	1.2468013	13779.0	5993.0	0.996267905946489	221	0	0	[225, 771, 585, 587, 396, 603, 605, 674, 676, 686, 688, 698, 700, 812, 471, 470, 469, 468, 467, 457, 466, 465, 861, 888, 894, 348]
284	376	13.3517728	9999999.0	0.0	0.0	0	524	1742	[]
723	911	4.6832349	13275.0	6400.0	0.8896531148920026	862	29	19	[723, 673, 672, 677, 676, 405, 681, 486, 534, 485, 479, 478, 477, 476, 503, 504, 505, 506, 507, 508, 666, 668, 850, 849, 853, 906, 907, 911]
893	379	0.6968147	16103.0	7214.0	0.9999989559612091	109	0	0	[893, 887, 859, 852, 848, 664, 662, 654, 649, 647, 648, 824, 637, 814, 470, 815, 810, 811, 865, 736, 732, 414, 415, 416, 925, 379]
393	910	1.1479784	13746.0	6071.0	0.8821686886501087	200	1	4	[393, 394, 395, 396, 397, 402, 403, 404, 487, 486, 534, 485, 479, 478, 477, 476, 503, 504, 505, 506, 507, 508, 666, 668, 850, 852, 859, 860, 909, 910]
149	930	1.677583	14011.0	5901.0	0.8702704059167843	275	32	12	[149, 695, 694, 699, 698, 537, 703, 702, 477, 476, 503, 504, 505, 506, 507, 508, 666, 665, 520, 669, 904, 905, 930]
214	443	1.3096197	13947.0	6142.0	0.9475805351328556	237	0	0	[214, 760, 769, 771, 585, 587, 396, 603, 605, 402, 403, 404, 487, 486, 534, 485, 479, 478, 477, 476, 503, 634, 639, 641, 648, 650, 841, 843, 847, 857, 885, 444, 443]
875	378	1.2933572	14139.0	6017.0	0.9999999999999907	189	0	0	[875, 461, 460, 873, 870, 867, 864, 732, 414, 726, 720, 714, 390, 387, 389, 924, 378]
96	801	2.3765177	10926.0	5182.0	0.8268637785255533	360	39	18	[96, 642, 575, 571, 569, 499, 565, 558, 556, 555, 436, 437, 535, 536, 398, 397, 396, 395, 394, 393, 392, 391, 390, 387, 801]
917	911	6.132427	19212.0	9255.0	0.8093147850508746	1154	14	28	[917, 782, 787, 789, 795, 799, 807, 583, 587, 396, 397, 402, 403, 404, 487, 486, 534, 485, 479, 478, 477, 476, 503, 504, 505, 506, 507, 508, 666, 668, 850, 849, 853, 906, 907, 911]
608	894	1.63579	12208.0	4738.0	0.9995019438677458	303	3	0	[608, 610, 679, 403, 404, 405, 406, 407, 408, 537, 473, 472, 471, 470, 469, 468, 467, 457, 466, 465, 861, 888, 894]
171	892	1.4028521	9999999.0	0.0	0.0	0	128	132	[]
365	255	8.4581404	17622.0	8458.0	0.8619711417919428	1507	42	27	[365, 911, 907, 906, 853, 849, 850, 668, 666, 508, 507, 506, 505, 504, 503, 476, 477, 478, 479, 485, 534, 486, 487, 404, 403, 402, 605, 606, 604, 583, 709, 805, 806, 802, 801, 255]
217	911	2.8967452	13738.0	6573.0	0.9148662164860426	520	0	0	[217, 763, 772, 423, 424, 425, 426, 593, 595, 611, 613, 553, 434, 435, 495, 494, 493, 492, 496, 497, 532, 531, 530, 528, 527, 525, 526, 542, 902, 515, 905, 908, 911]
525	248	14.4253323	11848.0	5319.0	0.8050905483335172	1379	452	995	[525, 527, 528, 530, 531, 532, 497, 496, 492, 493, 494, 495, 435, 436, 437, 535, 536, 398, 603, 604, 583, 807, 803, 804, 798, 794, 248]
98	914	0.0214859	9999999.0	0.0	0.0	0	1	0	[]
615	369	0.053781898	11972.0	4733.0	0.8585976987309898	42	19	11	[614, 609, 536, 398, 397, 396, 395, 394, 393, 392, 391, 390, 387, 389, 388, 913, 914, 368]
471	390	0.04084554	10319.0	4247.0	0.8549202754604905	53	13	4	[470, 815, 810, 811, 865, 736, 732, 414, 726, 720, 714, 390, 387, 389]
615	369	0.336695472	11440.0	5233.0	0.9837386889195607	348	76	36	[614, 609, 536, 398, 397, 396, 587, 583, 807, 803, 804, 798, 794, 786, 781, 916, 915, 914, 368]
471	390	0.041566308	10319.0	4247.0	0.8549202754604905	53	13	4	[470, 815, 810, 811, 865, 736, 732, 414, 726, 720, 714, 390, 387, 389]
615	369	0.244832688	11440.0	5233.0	0.9837386889195607	348	76	36	[614, 609, 536, 398, 397, 396, 587, 583, 807, 803, 804, 798, 794, 786, 781, 916, 915, 914, 368]
471	390	0.040702825	10319.0	4247.0	0.8549202754604905	53	13	4	[470, 815, 810, 811, 865, 736, 732, 414, 726, 720, 714, 390, 387, 389]
33	781	57.363888064	14392.0	6505.0	0.9950943225214818	1554	88	101	[32, 578, 579, 544, 522, 529, 528, 530, 531, 532, 497, 496, 492, 493, 494, 495, 435, 436, 437, 535, 536, 398, 603, 604, 583, 807, 803, 804, 798, 794, 786, 781, 780]
615	369	0.313054	11440.0	5233.0	0.9837386889195607	348	76	36	[614, 609, 536, 398, 397, 396, 587, 583, 807, 803, 804, 798, 794, 786, 781, 916, 915, 914, 368]
471	390	0.0500342	10319.0	4247.0	0.8549202754604905	53	13	4	[470, 815, 810, 811, 865, 736, 732, 414, 726, 720, 714, 390, 387, 389]
33	781	95.781718	14392.0	6505.0	0.9950943225214818	1554	88	101	[32, 578, 579, 544, 522, 529, 528, 530, 531, 532, 497, 496, 492, 493, 494, 495, 435, 436, 437, 535, 536, 398, 603, 604, 583, 807, 803, 804, 798, 794, 786, 781, 780]
615	369	0.3106548	11440.0	5233.0	0.9837386889195607	348	76	36	[614, 609, 536, 398, 397, 396, 587, 583, 807, 803, 804, 798, 794, 786, 781, 916, 915, 914, 368]
471	390	0.0485881	10319.0	4247.0	0.8549202754604905	53	13	4	[470, 815, 810, 811, 865, 736, 732, 414, 726, 720, 714, 390, 387, 389]
33	781	94.7555791	14392.0	6505.0	0.9950943225214818	1554	88	101	[32, 578, 579, 544, 522, 529, 528, 530, 531, 532, 497, 496, 492, 493, 494, 495, 435, 436, 437, 535, 536, 398, 603, 604, 583, 807, 803, 804, 798, 794, 786, 781, 780]
61	932	233.5280399	12040.0	4530.0	0.9963067658424332	823	184	232	[60, 606, 605, 402, 403, 404, 487, 486, 534, 485, 479, 478, 477, 476, 503, 504, 505, 506, 507, 508, 509, 510, 511, 512, 513, 514, 931]
393	897	1.5712599	13547.0	6317.0	0.8791012132833789	352	1	2	[392, 393, 394, 395, 396, 397, 402, 403, 404, 487, 681, 691, 693, 538, 703, 705, 474, 706, 637, 824, 826, 836, 838, 846, 856, 884, 891, 896]
788	517	152.0110071	15922.0	7037.0	0.9109753534645773	187	104	114	[787, 789, 795, 797, 803, 807, 583, 604, 603, 398, 536, 535, 437, 436, 435, 495, 494, 493, 492, 496, 497, 532, 531, 530, 528, 527, 525, 526, 542, 902, 515, 516]
195	882	42.9884961	17474.0	6883.0	0.900126560713586	172	133	110	[194, 740, 746, 748, 757, 759, 768, 770, 584, 586, 399, 397, 402, 403, 404, 405, 406, 407, 408, 537, 473, 472, 471, 470, 469, 468, 467, 457, 466, 465, 464, 463, 882, 881]
49	901	30.4193215	13004.0	6235.0	0.9999961429752169	743	125	196	[48, 594, 616, 618, 551, 552, 559, 560, 493, 492, 496, 497, 532, 531, 530, 528, 529, 522, 544, 523, 524, 451, 653, 661, 663, 848, 858, 886, 892, 900]
561	896	1.245042	11973.0	5126.0	0.9407666762889348	760	77	86	[560, 493, 492, 496, 497, 532, 531, 530, 572, 576, 577, 644, 651, 451, 450, 449, 448, 447, 446, 445, 444, 443, 442, 896, 890, 895]
768	463	0.1527336	13449.0	5544.0	0.8425506791231426	87	16	7	[767, 583, 394, 599, 601, 670, 672, 682, 684, 410, 694, 696, 808, 810, 816, 469, 468, 467, 457, 466, 465, 464, 463, 462]
394	349	0.1655977	12216.0	5189.0	0.8399712516336744	79	19	8	[393, 394, 599, 601, 670, 672, 682, 684, 410, 694, 696, 808, 810, 816, 469, 468, 467, 457, 466, 465, 861, 888, 894, 348]
2	780	0.0737005	11801.0	5883.0	0.9883092541930512	86	3	0	[1, 547, 617, 615, 598, 596, 777, 776, 423, 422, 421, 420, 753, 748, 749, 745, 791, 787, 782, 781, 780, 779]
229	883	32.1942962	14236.0	5593.0	0.8158673192160377	166	313	279	[228, 774, 775, 589, 591, 608, 610, 679, 403, 404, 405, 406, 407, 408, 537, 473, 472, 471, 470, 469, 468, 467, 457, 466, 465, 464, 463, 882]
370	365	713.2471923	21327.0	9667.0	0.9838832167415716	1019	341	479	[369, 915, 916, 781, 786, 794, 798, 804, 803, 807, 583, 587, 396, 397, 402, 403, 404, 487, 486, 534, 485, 479, 478, 477, 476, 503, 504, 505, 506, 507, 508, 666, 668, 850, 852, 859, 860, 909, 910, 364]
849	378	55.7054785	16412.0	7771.0	0.9747138020109675	416	33	11	[848, 664, 662, 654, 652, 645, 506, 505, 504, 503, 476, 477, 478, 479, 485, 534, 486, 487, 404, 403, 402, 397, 396, 587, 583, 807, 799, 791, 783, 918, 923, 377]
526	781	75.1144597	14627.0	6310.0	0.8729294838341829	832	213	345	[525, 527, 528, 530, 531, 532, 497, 496, 492, 493, 494, 495, 435, 436, 437, 535, 536, 398, 397, 396, 587, 583, 807, 803, 804, 798, 794, 786, 781, 780]
562	929	0.1588081	15658.0	4101.0	0.9999978173849459	132	8	3	[561, 492, 496, 497, 532, 531, 530, 528, 529, 522, 544, 523, 524, 451, 450, 449, 448, 447, 446, 445, 444, 443, 442, 441, 928]
14	353	2.3791139	11391.0	4946.0	0.999583262530686	335	161	164	[13, 559, 560, 493, 492, 496, 497, 532, 531, 530, 572, 576, 577, 644, 651, 451, 450, 449, 448, 447, 446, 445, 444, 443, 442, 441, 898, 352]
278	384	0.1300372	16242.0	5177.0	0.9941967729024277	317	8	9	[277, 823, 822, 827, 837, 836, 841, 843, 847, 446, 848, 852, 859, 860, 909, 910, 517, 929, 383]
507	389	1.8563161	12723.0	4641.0	0.9852922860296547	89	20	11	[506, 505, 504, 503, 476, 477, 478, 479, 485, 534, 486, 487, 404, 403, 402, 397, 396, 395, 394, 393, 392, 391, 390, 387, 389, 388]
352	785	86.0805136	20205.0	9418.0	0.8394486179442533	820	9	6	[351, 897, 442, 896, 891, 884, 856, 846, 839, 453, 837, 827, 825, 637, 706, 474, 705, 703, 538, 693, 691, 681, 487, 404, 403, 402, 397, 396, 587, 583, 807, 803, 804, 798, 794, 793, 792, 784]
217	347	91.1020798	14473.0	7017.0	0.9999998571902871	1087	61	71	[216, 762, 764, 773, 775, 589, 591, 607, 536, 609, 678, 680, 690, 485, 479, 478, 477, 476, 503, 504, 505, 506, 645, 652, 654, 662, 664, 848, 858, 886, 892, 346]
561	239	0.7562093	11602.0	5515.0	0.8821765655144009	240	38	11	[560, 559, 555, 436, 437, 535, 536, 398, 397, 396, 587, 583, 807, 803, 804, 798, 794, 793, 792, 784, 238]
660	920	11.2347817	12885.0	6250.0	0.9980675174050118	327	1	0	[659, 581, 580, 574, 573, 531, 532, 497, 496, 492, 493, 494, 495, 435, 434, 553, 613, 611, 595, 593, 426, 425, 424, 423, 422, 421, 420, 419, 418, 738, 739, 919]
225	348	46.7200019	13472.0	5906.0	0.9887028731715026	94	210	307	[224, 770, 584, 400, 399, 397, 402, 403, 404, 487, 486, 534, 485, 479, 478, 477, 476, 503, 504, 505, 506, 507, 508, 666, 668, 850, 852, 859, 887, 893, 347]
284	376	143.3974643	13317.0	5705.0	0.9930105162282884	409	128	87	[283, 829, 467, 468, 469, 470, 471, 472, 473, 537, 408, 407, 406, 405, 404, 403, 402, 397, 399, 400, 589, 775, 773, 764, 762, 753, 751, 742, 921, 375]
723	911	13.0860098	13996.0	6285.0	0.8780760948633535	121	3	7	[722, 721, 671, 670, 675, 674, 403, 404, 487, 486, 534, 485, 479, 478, 477, 476, 503, 504, 505, 506, 507, 508, 509, 665, 667, 849, 853, 906, 909, 910]
893	379	45.7176862	19148.0	7797.0	0.9708190911828064	196	15	8	[892, 886, 858, 848, 664, 662, 654, 652, 645, 506, 505, 504, 503, 476, 477, 478, 479, 485, 534, 486, 487, 404, 403, 402, 397, 396, 395, 394, 393, 392, 391, 390, 387, 389, 924, 378]
393	910	0.5848097	13477.0	5855.0	0.9959867857228772	189	1	4	[392, 393, 394, 395, 396, 397, 402, 403, 404, 487, 486, 534, 485, 479, 478, 477, 476, 503, 504, 505, 506, 507, 508, 666, 668, 850, 852, 859, 860, 909]
149	930	28.7572729	18055.0	5957.0	0.8032833034918773	201	102	69	[148, 694, 699, 698, 537, 703, 702, 477, 476, 503, 504, 505, 506, 507, 508, 666, 668, 667, 849, 853, 906, 907, 516, 517, 929]
214	443	54.7866434	14402.0	6328.0	0.9394619860187755	1639	17	154	[213, 759, 768, 770, 584, 400, 399, 397, 402, 403, 404, 487, 486, 534, 485, 479, 478, 477, 476, 503, 634, 639, 641, 648, 650, 841, 843, 847, 857, 885, 891, 896, 442]
875	378	0.1280662	14827.0	6868.0	0.8679179704231579	105	21	7	[874, 459, 871, 868, 865, 736, 734, 413, 730, 728, 724, 722, 718, 716, 391, 712, 710, 806, 804, 798, 796, 790, 788, 782, 918, 923, 377]
96	801	16.7572727	11286.0	4872.0	0.9750358300346927	265	13	3	[95, 641, 639, 634, 503, 476, 477, 478, 479, 485, 534, 486, 487, 404, 403, 402, 397, 396, 587, 583, 709, 805, 806, 802, 801, 800]
917	911	624.0462492	20058.0	9085.0	0.9835228061512179	1001	331	466	[916, 781, 786, 794, 798, 804, 803, 807, 583, 587, 396, 397, 402, 403, 404, 487, 486, 534, 485, 479, 478, 477, 476, 503, 504, 505, 506, 507, 508, 666, 668, 850, 852, 859, 860, 909, 910]
608	894	2.4026012	11613.0	5314.0	0.8318094694494079	193	2	3	[607, 536, 609, 678, 680, 690, 480, 479, 478, 477, 476, 503, 504, 505, 506, 507, 508, 666, 668, 850, 852, 859, 887, 893]
171	892	0.1394626	13174.0	6187.0	0.8287167047965278	151	5	0	[170, 716, 718, 722, 724, 728, 730, 413, 734, 736, 865, 868, 819, 818, 828, 833, 455, 835, 845, 855, 862, 884, 891]
365	255	968.2268964	18525.0	8340.0	0.9779112300216092	2441	677	1239	[364, 910, 909, 860, 859, 852, 850, 668, 666, 508, 507, 506, 505, 504, 503, 476, 477, 478, 479, 485, 534, 486, 487, 404, 403, 402, 397, 396, 587, 583, 709, 805, 806, 802, 801, 800, 254]
217	911	1168.4611294	15027.0	6807.0	0.8524972900621413	5079	411	921	[216, 762, 761, 421, 422, 423, 424, 425, 426, 593, 595, 611, 613, 553, 434, 435, 495, 494, 493, 492, 496, 497, 532, 531, 530, 528, 527, 525, 526, 542, 902, 515, 905, 907, 910]
525	248	137.7788387	12574.0	5640.0	0.9849193911330728	1241	423	767	[524, 651, 644, 645, 506, 505, 504, 503, 476, 477, 478, 479, 485, 534, 486, 487, 404, 403, 402, 397, 396, 587, 583, 807, 803, 804, 798, 794, 793, 247]
98	914	19.8773952	13228.0	4860.0	0.9863370996477103	101	22	12	[97, 643, 505, 504, 503, 476, 477, 478, 479, 485, 534, 486, 487, 404, 403, 402, 397, 396, 395, 394, 393, 392, 391, 390, 387, 389, 388, 913]
615	369	0.3202413	11440.0	5324.0	0.9489879042274572	357	67	36	[614, 609, 536, 398, 603, 396, 587, 583, 807, 803, 804, 798, 794, 786, 781, 916, 915, 914, 368]
471	390	0.0378025	10319.0	4247.0	0.9659160526533436	75	1	0	[470, 815, 810, 811, 865, 736, 732, 414, 726, 720, 714, 390, 387, 389]
33	781	58.9968649	14374.0	7548.0	0.9127822325574864	615	105	86	[32, 578, 577, 575, 571, 569, 499, 565, 558, 556, 555, 436, 437, 535, 536, 398, 603, 396, 587, 583, 807, 803, 804, 798, 794, 786, 781, 780]
61	932	103.6619273	11852.0	4574.0	0.9909350470135357	812	0	0	[60, 606, 605, 402, 610, 609, 536, 535, 437, 436, 435, 495, 494, 493, 492, 496, 497, 532, 531, 530, 528, 527, 525, 526, 542, 533, 514, 931]
393	897	1.8492719	13517.0	6461.0	0.8512112050944071	338	0	0	[392, 393, 394, 395, 396, 603, 605, 402, 403, 404, 487, 681, 691, 693, 538, 703, 705, 474, 706, 637, 824, 826, 836, 838, 846, 856, 884, 891, 896]
788	517	41.2451343	15919.0	7241.0	0.9915114303543466	298	0	0	[787, 789, 795, 799, 807, 583, 604, 603, 398, 536, 535, 437, 436, 435, 495, 494, 493, 492, 496, 497, 532, 531, 530, 528, 527, 525, 526, 542, 902, 515, 516]
195	882	0.7175475	17364.0	7517.0	0.9643425540522959	107	0	0	[194, 740, 746, 748, 757, 759, 768, 770, 584, 586, 603, 605, 674, 676, 686, 688, 698, 700, 812, 471, 470, 469, 468, 467, 457, 466, 465, 464, 463, 882, 881]
49	901	1.0154891	12655.0	6747.0	0.844630528205538	188	0	0	[48, 594, 616, 618, 433, 434, 435, 495, 555, 556, 489, 630, 570, 636, 643, 645, 652, 654, 662, 664, 848, 858, 886, 892, 900]
561	896	0.779078	11973.0	5126.0	0.9737233710332819	512	36	20	[560, 493, 492, 496, 497, 532, 531, 530, 572, 576, 577, 644, 651, 451, 450, 449, 448, 447, 446, 445, 444, 443, 442, 896, 890, 895]
768	463	0.164921	13449.0	5544.0	0.9994484466127657	111	8	3	[767, 583, 394, 599, 601, 670, 672, 682, 684, 410, 694, 696, 808, 810, 816, 469, 468, 467, 457, 466, 465, 464, 463, 462]
394	349	0.1695186	12216.0	5189.0	0.9990357281202867	106	8	3	[393, 394, 599, 601, 670, 672, 682, 684, 410, 694, 696, 808, 810, 816, 469, 468, 467, 457, 466, 465, 861, 888, 894, 348]
2	780	0.0958765	11801.0	5883.0	0.9997525241424702	109	3	0	[1, 547, 617, 615, 598, 596, 777, 776, 423, 422, 421, 420, 753, 748, 749, 745, 791, 787, 782, 781, 780, 779]
229	883	4.199435	14216.0	5618.0	0.9808250427423828	142	47	29	[228, 774, 588, 590, 607, 608, 610, 679, 403, 404, 405, 406, 407, 408, 537, 473, 472, 471, 470, 469, 468, 467, 457, 466, 465, 464, 463, 882]
370	365	45.4748842	21290.0	9920.0	0.9708062724756448	564	2	0	[369, 915, 916, 781, 786, 794, 798, 804, 803, 807, 583, 604, 603, 605, 402, 403, 404, 487, 486, 534, 485, 479, 478, 477, 476, 503, 504, 505, 506, 507, 508, 666, 668, 850, 852, 859, 860, 909, 910, 364]
849	378	23.3958852	16375.0	8132.0	0.9529843458027369	348	0	0	[848, 664, 662, 654, 652, 645, 506, 505, 504, 503, 476, 477, 478, 479, 485, 534, 486, 487, 404, 403, 402, 605, 606, 604, 583, 807, 799, 791, 783, 918, 923, 377]
526	781	63.3668279	14620.0	6510.0	0.9878608673203138	462	88	78	[525, 527, 528, 530, 531, 532, 497, 496, 492, 493, 494, 495, 435, 436, 437, 535, 536, 398, 603, 604, 583, 807, 803, 804, 798, 794, 786, 781, 780]
562	929	0.203461	15658.0	4101.0	0.9999998397793651	132	26	13	[561, 492, 496, 497, 532, 531, 530, 528, 529, 522, 544, 523, 524, 451, 450, 449, 448, 447, 446, 445, 444, 443, 442, 441, 928]
14	353	0.7808632	11310.0	5229.0	0.8911478896794001	215	16	7	[13, 559, 557, 490, 489, 630, 570, 636, 643, 645, 652, 654, 662, 664, 447, 446, 445, 444, 443, 442, 441, 898, 352]
278	384	0.040636	16191.0	5231.0	0.9101156588308992	67	1	0	[277, 823, 822, 827, 837, 836, 841, 840, 842, 664, 848, 852, 859, 860, 909, 910, 517, 929, 383]
507	389	0.8703929	12693.0	4785.0	0.9876694412653483	199	2	0	[506, 505, 504, 503, 476, 477, 478, 479, 485, 534, 486, 487, 404, 403, 402, 605, 603, 396, 395, 394, 393, 392, 391, 390, 387, 389, 388]
352	785	73.51387	20119.0	9561.0	0.8552003564737278	824	3	0	[351, 897, 442, 896, 891, 884, 856, 846, 838, 836, 826, 824, 637, 706, 474, 705, 703, 538, 693, 691, 681, 487, 404, 403, 402, 605, 603, 396, 587, 583, 807, 803, 804, 798, 794, 793, 792, 784]
217	347	217.077334	14468.0	7725.0	0.8753595944050374	704	193	199	[216, 762, 761, 421, 422, 423, 424, 425, 426, 593, 595, 611, 613, 553, 436, 555, 556, 489, 630, 570, 636, 643, 645, 652, 654, 662, 664, 848, 858, 886, 892, 346]
561	239	0.3414944	11595.0	5715.0	0.8055134036498426	82	1	0	[560, 559, 555, 436, 437, 535, 536, 398, 603, 604, 583, 807, 803, 804, 798, 794, 793, 792, 784, 238]
660	920	1.3726768	12863.0	7037.0	0.804204646571107	262	0	0	[659, 581, 580, 574, 573, 567, 564, 563, 562, 550, 549, 547, 617, 615, 598, 596, 777, 776, 766, 765, 421, 420, 419, 418, 738, 739, 919]
225	348	14.4972585	13384.0	5888.0	0.9696829399972207	261	0	0	[224, 770, 584, 586, 399, 397, 402, 403, 404, 487, 486, 534, 485, 479, 478, 477, 476, 503, 504, 505, 506, 507, 508, 666, 668, 850, 852, 859, 887, 893, 347]
284	376	127.4796808	13226.0	5970.0	0.990803820351964	742	70	50	[283, 829, 467, 468, 469, 470, 471, 472, 473, 537, 408, 407, 406, 405, 404, 403, 679, 610, 608, 591, 589, 775, 773, 764, 762, 753, 751, 742, 921, 375]
723	911	8.0288725	13823.0	6432.0	0.9971028798522081	131	0	0	[722, 721, 671, 670, 675, 674, 403, 404, 487, 486, 534, 485, 479, 478, 477, 476, 503, 504, 505, 506, 507, 508, 666, 668, 850, 852, 859, 860, 909, 910]
893	379	54.8904178	19118.0	7941.0	0.9907073749330446	382	4	1	[892, 886, 858, 848, 664, 662, 654, 652, 645, 506, 505, 504, 503, 476, 477, 478, 479, 485, 534, 486, 487, 404, 403, 402, 605, 603, 396, 395, 394, 393, 392, 391, 390, 387, 389, 924, 378]
393	910	0.860305	13447.0	5999.0	0.9841365837333514	199	0	0	[392, 393, 394, 395, 396, 603, 605, 402, 403, 404, 487, 486, 534, 485, 479, 478, 477, 476, 503, 504, 505, 506, 507, 508, 666, 668, 850, 852, 859, 860, 909]
149	930	0.6017164	18024.0	6007.0	0.9908617955895438	343	26	15	[148, 694, 699, 698, 537, 703, 702, 477, 476, 503, 504, 505, 506, 507, 508, 666, 668, 850, 849, 853, 906, 907, 516, 517, 929]
214	443	15.442727	14159.0	6796.0	0.853360079936418	561	2	3	[213, 759, 768, 770, 584, 586, 399, 397, 402, 403, 404, 487, 681, 691, 693, 538, 703, 705, 474, 706, 637, 824, 826, 836, 838, 846, 856, 884, 891, 896, 442]
875	378	0.1914196	14827.0	6868.0	0.9967934112915927	105	42	28	[874, 459, 871, 868, 865, 736, 734, 413, 730, 728, 724, 722, 718, 716, 391, 712, 710, 806, 804, 798, 796, 790, 788, 782, 918, 923, 377]
96	801	7.5942235	11249.0	5233.0	0.9170598916838036	195	1	0	[95, 641, 639, 634, 503, 476, 477, 478, 479, 485, 534, 486, 487, 404, 403, 402, 605, 606, 604, 583, 709, 805, 806, 802, 801, 800]
917	911	43.6547885	20021.0	9338.0	0.9691389218241967	546	2	0	[916, 781, 786, 794, 798, 804, 803, 807, 583, 604, 603, 605, 402, 403, 404, 487, 486, 534, 485, 479, 478, 477, 476, 503, 504, 505, 506, 507, 508, 666, 668, 850, 852, 859, 860, 909, 910]
608	894	2.526233	11505.0	5350.0	0.9966544807401407	206	0	0	[607, 536, 609, 678, 680, 690, 485, 479, 478, 477, 476, 503, 504, 505, 506, 507, 508, 666, 668, 850, 852, 859, 887, 893]
171	892	0.1775289	13169.0	6231.0	0.8980689629094412	193	4	0	[170, 716, 718, 722, 724, 728, 730, 413, 734, 736, 865, 811, 817, 819, 818, 828, 833, 455, 835, 845, 855, 862, 884, 891]
365	255	211.7927549	18488.0	8701.0	0.9749020469947864	1693	27	20	[364, 910, 909, 860, 859, 852, 850, 668, 666, 508, 507, 506, 505, 504, 503, 476, 477, 478, 479, 485, 534, 486, 487, 404, 403, 402, 605, 606, 604, 583, 709, 805, 806, 802, 801, 800, 254]
217	911	115.9017625	14871.0	7132.0	0.9938752531182155	1100	23	15	[216, 762, 761, 421, 422, 423, 424, 425, 426, 593, 595, 611, 613, 553, 434, 435, 495, 494, 493, 492, 496, 497, 532, 531, 530, 528, 529, 522, 521, 510, 509, 665, 667, 849, 853, 860, 909, 910]
525	248	237.1817328	12537.0	6001.0	0.9678096157043052	2348	356	685	[524, 651, 644, 645, 506, 505, 504, 503, 476, 477, 478, 479, 485, 534, 486, 487, 404, 403, 402, 605, 606, 604, 583, 807, 803, 804, 798, 794, 793, 247]
98	914	9.7004205	13198.0	5004.0	0.9898655087328836	210	5	1	[97, 643, 505, 504, 503, 476, 477, 478, 479, 485, 534, 486, 487, 404, 403, 402, 605, 603, 396, 395, 394, 393, 392, 391, 390, 387, 389, 388, 913]
146	378	0.1312982	10236.0	5234.0	0.9486079674962724	150	2	0	[145, 691, 681, 487, 404, 403, 402, 605, 603, 396, 587, 583, 807, 799, 791, 783, 918, 923, 377]
509	390	1.9538616	13413.0	5140.0	0.9930287705697338	195	4	1	[508, 507, 506, 505, 504, 503, 476, 477, 478, 479, 485, 534, 486, 487, 404, 403, 402, 605, 603, 396, 395, 394, 393, 392, 391, 390, 387, 389]
470	918	1.8143031	11348.0	5732.0	0.9355396653250689	102	172	115	[469, 816, 810, 808, 696, 694, 410, 684, 682, 672, 670, 601, 599, 394, 583, 807, 799, 795, 789, 787, 782, 917]
202	879	0.2956884	15806.0	7400.0	0.8846141217979411	306	4	2	[201, 747, 745, 756, 767, 583, 393, 600, 602, 671, 673, 683, 727, 729, 412, 733, 735, 865, 867, 870, 873, 460, 461, 875, 878]
477	383	0.2197135	14426.0	4100.0	1.0	354	7	20	[476, 503, 634, 639, 641, 648, 650, 841, 843, 847, 857, 885, 444, 443, 442, 441, 928, 382]
792	898	1.9488544	16761.0	8595.0	0.8456591847008539	329	0	0	[791, 799, 807, 583, 604, 603, 605, 402, 403, 404, 487, 681, 691, 693, 538, 703, 705, 474, 706, 637, 824, 826, 836, 838, 846, 856, 884, 891, 896, 442, 897]
927	743	37.5337134	16620.0	6798.0	0.9961693736880437	509	53	41	[926, 461, 460, 459, 458, 457, 467, 468, 469, 470, 471, 472, 473, 537, 408, 407, 406, 405, 404, 403, 679, 610, 608, 591, 589, 775, 773, 764, 762, 753, 751, 742]
213	910	26.4035634	14702.0	6729.0	0.9854039131400464	213	0	0	[212, 758, 760, 769, 771, 585, 587, 396, 603, 605, 402, 403, 404, 487, 486, 534, 485, 479, 478, 477, 476, 503, 504, 505, 506, 507, 508, 666, 668, 850, 852, 859, 860, 909]
635	925	0.5819168	11685.0	4377.0	0.9769607948581408	168	15	6	[634, 503, 476, 477, 478, 479, 485, 534, 486, 487, 404, 403, 402, 605, 603, 396, 395, 394, 393, 392, 391, 390, 387, 389, 924]
827	922	0.1520655	11567.0	6026.0	0.8176957532357093	101	0	0	[826, 824, 637, 706, 474, 705, 703, 538, 693, 691, 681, 487, 679, 610, 608, 591, 589, 775, 773, 764, 762, 753, 751, 742, 921]
488	464	0.09045	10350.0	3848.0	0.9617822859361781	56	28	12	[487, 681, 691, 693, 538, 408, 537, 473, 472, 471, 470, 469, 468, 467, 457, 466, 465, 464, 463]
924	894	16.2378825	19551.0	9389.0	0.9635627644276106	197	0	0	[923, 918, 783, 791, 799, 807, 583, 604, 603, 605, 402, 403, 404, 487, 486, 534, 485, 479, 478, 477, 476, 503, 504, 505, 506, 507, 508, 666, 668, 850, 852, 859, 887, 893]
45	899	2.9458663	12872.0	5738.0	0.9690826734388581	371	5	11	[44, 590, 612, 614, 438, 437, 534, 485, 479, 478, 477, 476, 503, 634, 639, 641, 648, 650, 841, 843, 847, 857, 885, 891, 896, 898]
886	255	34.306016	16094.0	7483.0	0.8469671982348443	364	27	11	[885, 857, 847, 843, 841, 650, 648, 641, 639, 634, 503, 476, 477, 478, 479, 485, 534, 486, 487, 404, 403, 402, 605, 606, 604, 583, 709, 805, 806, 802, 801, 800, 254]

56	387	96.8516602	11498.0	4813.0	0.9895906679359242	774	0	0	[55, 601, 606, 605, 402, 610, 609, 536, 535, 437, 436, 435, 495, 494, 493, 492, 496, 497, 532, 531, 530, 528, 527, 525, 526, 542, 533, 932, 386]
630	781	0.3628199	11278.0	5523.0	0.9054425300080959	341	3	0	[629, 625, 623, 554, 621, 614, 609, 536, 398, 603, 396, 587, 583, 807, 803, 804, 798, 794, 786, 781, 780]
462	743	33.126726	15315.0	6332.0	0.9957517416064868	504	50	40	[461, 460, 459, 458, 457, 467, 468, 469, 470, 471, 472, 473, 537, 408, 407, 406, 405, 404, 403, 679, 610, 608, 591, 589, 775, 773, 764, 762, 753, 751, 742]
736	418	14.1843582	11131.0	5469.0	0.9952220751824269	721	84	84	[735, 733, 412, 729, 727, 723, 721, 717, 715, 392, 711, 583, 767, 756, 745, 747, 741, 740, 738, 920, 417]
376	929	5.4720312	23614.0	9057.0	0.8691292311069179	190	3	2	[375, 921, 742, 750, 752, 761, 763, 772, 774, 588, 590, 612, 614, 621, 622, 626, 483, 628, 632, 502, 503, 634, 639, 641, 648, 650, 841, 843, 847, 857, 885, 891, 896, 442, 441, 928]
241	383	272.4168884	24066.0	8514.0	0.81131780284845	3243	389	635	[240, 786, 794, 798, 804, 803, 807, 583, 587, 396, 397, 402, 403, 404, 487, 486, 534, 485, 479, 478, 477, 476, 503, 634, 639, 641, 648, 650, 841, 843, 847, 857, 885, 891, 896, 442, 441, 928, 382]
704	373	0.1978304	9697.0	5201.0	0.9693815806806668	188	2	0	[703, 538, 693, 691, 681, 487, 404, 403, 402, 605, 603, 396, 587, 583, 807, 799, 791, 783, 918, 372]
472	928	0.0146451	10561.0	3530.0	0.9940930240080085	31	0	0	[471, 470, 469, 468, 467, 457, 466, 465, 464, 463, 462, 927]
850	374	37.4858038	14694.0	6770.0	0.9952924595372561	384	0	0	[849, 667, 665, 509, 510, 521, 522, 529, 528, 530, 531, 532, 497, 496, 492, 493, 494, 495, 435, 434, 553, 613, 611, 595, 593, 426, 425, 424, 423, 422, 421, 420, 419, 418, 738, 739, 919, 373]
748	381	0.7244287	15607.0	7118.0	0.884573755869061	307	4	2	[747, 745, 756, 767, 583, 393, 600, 602, 671, 673, 683, 727, 729, 412, 733, 735, 865, 867, 870, 873, 460, 461, 926, 380]
88	382	0.1026035	13198.0	4586.0	0.9972216314431759	102	0	0	[87, 633, 634, 503, 476, 475, 474, 472, 471, 470, 469, 468, 467, 457, 466, 465, 464, 463, 462, 927, 381]
258	365	18.8179032	15450.0	7346.0	0.9752582825706012	263	0	0	[257, 803, 807, 583, 604, 603, 605, 402, 403, 404, 487, 486, 534, 485, 479, 478, 477, 476, 503, 504, 505, 506, 507, 508, 666, 668, 850, 852, 859, 860, 909, 910, 364]
7	335	1.070102	11157.0	4686.0	0.99859236347974	246	12	5	[6, 552, 495, 555, 556, 489, 630, 635, 500, 501, 502, 476, 475, 474, 472, 471, 470, 469, 468, 467, 457, 466, 465, 464, 880, 334]
103	919	6.7422457	12190.0	6163.0	0.9432653930552308	176	0	0	[102, 648, 641, 639, 634, 503, 476, 477, 478, 479, 485, 534, 486, 487, 404, 403, 402, 605, 606, 604, 583, 807, 799, 791, 783, 918]
483	389	0.2338849	10180.0	3814.0	0.9648960991188116	160	3	0	[482, 479, 485, 534, 486, 487, 404, 403, 402, 605, 603, 396, 395, 394, 393, 392, 391, 390, 387, 389, 388]
665	923	10.0287522	14317.0	7035.0	0.8314621722906357	154	0	0	[664, 662, 654, 652, 645, 643, 636, 570, 630, 489, 556, 555, 436, 553, 613, 611, 595, 593, 426, 425, 424, 423, 422, 421, 420, 419, 418, 417, 922]
264	780	0.0338754	11659.0	5116.0	0.9179904228367979	90	2	0	[263, 809, 697, 735, 736, 732, 414, 415, 416, 912, 800, 792, 784, 779]
471	786	0.2403438	11000.0	4725.0	1.0	173	15	12	[470, 815, 810, 811, 865, 736, 732, 414, 726, 720, 714, 390, 387, 801, 793, 785]
727	362	29.3225942	12600.0	5943.0	0.9711772801227847	489	11	7	[726, 730, 729, 685, 684, 689, 688, 407, 693, 692, 478, 477, 476, 503, 504, 505, 506, 507, 508, 666, 668, 850, 849, 853, 906, 907, 361]
531	239	0.2347163	12944.0	5826.0	0.9852969566092665	93	1	0	[530, 531, 532, 497, 496, 492, 493, 494, 495, 435, 436, 437, 535, 536, 398, 603, 604, 583, 807, 803, 804, 798, 794, 793, 792, 784, 238]
884	740	58.6231465	16244.0	7066.0	0.9993017622193374	226	111	114	[883, 880, 464, 465, 466, 457, 467, 468, 469, 816, 810, 808, 696, 694, 410, 684, 682, 672, 670, 601, 599, 394, 583, 767, 756, 745, 747, 741, 739]
858	921	46.3463894	14344.0	7107.0	0.8855711778183414	438	21	24	[857, 847, 843, 841, 650, 648, 641, 639, 634, 503, 502, 632, 628, 483, 626, 622, 621, 614, 612, 590, 588, 774, 772, 763, 761, 752, 750, 742, 920]
549	884	0.3713443	12358.0	5332.0	0.9011454079626693	166	32	16	[548, 549, 559, 557, 556, 489, 630, 635, 500, 501, 502, 476, 475, 474, 472, 471, 470, 469, 468, 467, 457, 466, 465, 464, 880, 883]
412	198	0.3958429	10442.0	4528.0	0.9836023304045514	128	16	9	[411, 410, 409, 408, 538, 482, 479, 485, 534, 437, 438, 439, 440, 595, 593, 426, 778, 776, 766, 765, 755, 754, 744, 743, 197]
263	377	0.1604078	13058.0	6217.0	0.8677900922547344	94	0	0	[262, 808, 813, 701, 700, 698, 688, 686, 676, 674, 605, 603, 586, 584, 770, 768, 759, 757, 748, 746, 740, 738, 920, 417, 922, 376]
812	920	0.0849088	10774.0	5284.0	0.9802653941107271	149	0	0	[811, 809, 697, 696, 694, 410, 684, 682, 672, 670, 601, 599, 394, 583, 767, 756, 745, 737, 919]
288	917	0.3696981	13864.0	6691.0	0.9965770763964211	171	26	15	[287, 833, 823, 821, 815, 813, 701, 699, 409, 689, 687, 677, 675, 670, 601, 599, 394, 583, 807, 803, 804, 798, 794, 786, 781, 916]
219	929	7.44665	20461.0	7284.0	0.9396348104708024	397	3	1	[218, 764, 773, 775, 589, 591, 607, 536, 609, 678, 680, 690, 485, 479, 478, 477, 476, 503, 634, 639, 641, 648, 650, 841, 843, 847, 857, 885, 891, 896, 442, 441, 928]
247	443	39.34322	18525.0	8762.0	0.9600283229491666	978	5	6	[246, 792, 793, 794, 798, 804, 803, 807, 583, 587, 396, 397, 402, 403, 404, 487, 681, 691, 693, 538, 703, 705, 474, 706, 637, 824, 826, 836, 838, 846, 856, 884, 891, 896, 442]
838	255	0.0659162	12281.0	5463.0	0.8926175399710398	154	1	0	[837, 832, 833, 828, 818, 819, 817, 811, 865, 736, 732, 414, 415, 416, 912, 800, 254]
103	782	7.9361606	12422.0	5865.0	0.973359940574763	233	2	0	[102, 648, 641, 639, 634, 503, 476, 477, 478, 479, 485, 534, 486, 487, 404, 403, 402, 605, 606, 604, 583, 807, 803, 804, 798, 794, 786, 781]
758	348	1.6782821	14722.0	6546.0	0.9799961711286586	273	0	0	[757, 759, 768, 770, 584, 586, 399, 397, 402, 403, 404, 487, 486, 534, 485, 479, 478, 477, 476, 503, 504, 505, 506, 507, 508, 666, 668, 850, 852, 859, 887, 893, 347]
535	895	0.1081247	10695.0	4031.0	0.9933751051613884	107	1	0	[534, 485, 479, 478, 477, 476, 475, 474, 472, 471, 470, 469, 468, 467, 457, 466, 465, 861, 888, 894]
213	518	46.1823823	15506.0	6301.0	0.9988478365394364	321	0	0	[212, 758, 760, 769, 771, 585, 587, 396, 397, 398, 536, 535, 437, 436, 435, 495, 494, 493, 492, 496, 497, 532, 531, 530, 528, 527, 525, 526, 542, 902, 515, 516, 517]
547	891	1.864899	12015.0	5439.0	0.84291850986765	217	48	31	[546, 548, 550, 562, 563, 564, 568, 572, 576, 577, 644, 651, 451, 450, 449, 448, 447, 446, 445, 444, 443, 442, 896, 890]
823	198	84.1875536	11538.0	5331.0	0.9833609008497213	641	116	74	[822, 820, 825, 637, 706, 475, 476, 477, 478, 479, 485, 534, 437, 438, 439, 440, 595, 593, 426, 778, 776, 766, 765, 755, 754, 744, 743, 197]
415	442	0.2682076	11760.0	5547.0	0.9956779237688933	474	28	16	[414, 732, 736, 865, 868, 819, 818, 828, 833, 455, 835, 845, 855, 862, 889, 890, 898, 441]
716	910	21.1365796	13435.0	6226.0	0.972876873021744	226	0	0	[715, 600, 599, 604, 603, 605, 402, 403, 404, 487, 486, 534, 485, 479, 478, 477, 476, 503, 504, 505, 506, 507, 508, 666, 668, 850, 852, 859, 860, 909]
308	915	458.0257198	19260.0	9056.0	0.9624284445326703	1717	458	936	[307, 853, 849, 850, 668, 666, 508, 507, 506, 505, 504, 503, 476, 477, 478, 479, 485, 534, 486, 487, 404, 403, 402, 605, 606, 604, 583, 807, 803, 804, 798, 794, 786, 781, 916, 915, 914]
432	879	6.5146985	13594.0	5854.0	0.9765326863317073	835	166	132	[431, 594, 611, 613, 621, 622, 626, 483, 479, 478, 477, 476, 475, 474, 472, 471, 470, 469, 468, 467, 457, 458, 459, 460, 461, 875, 878]
326	383	0.0448723	13836.0	4279.0	0.999832814492737	47	20	9	[325, 871, 831, 458, 844, 466, 465, 861, 862, 889, 890, 898, 441, 928, 382]
828	255	0.0507068	11814.0	5038.0	0.9714561659684093	118	1	0	[827, 822, 820, 821, 815, 810, 811, 865, 736, 732, 414, 415, 416, 912, 800, 254]
639	383	0.0660303	13717.0	3878.0	0.9999999999910105	49	3	2	[638, 640, 647, 649, 452, 840, 842, 847, 857, 885, 444, 443, 442, 441, 928, 382]
427	330	1.4832565	12864.0	4848.0	0.995870983252891	134	111	77	[426, 593, 595, 440, 439, 438, 437, 534, 485, 479, 478, 477, 476, 475, 474, 472, 471, 470, 469, 468, 467, 457, 458, 459, 460, 461, 875, 329]
426	883	0.2709721	13674.0	4984.0	0.9963639037698492	120	1	0	[425, 440, 439, 438, 437, 534, 485, 479, 478, 477, 476, 475, 474, 472, 471, 470, 469, 468, 467, 457, 466, 465, 464, 463, 882]
563	330	0.1633425	11327.0	4610.0	0.9786211405731964	72	46	32	[562, 561, 566, 565, 499, 500, 501, 502, 476, 475, 474, 472, 471, 470, 469, 468, 467, 457, 458, 459, 460, 461, 875, 329]
