Tail	Head	Cost	E[Time]	Fft	Sigma(Time)
1	547	145	67	62.11224	5
2	548	145	67	62.11224	5
3	549	145	67	62.11224	5
4	550	145	67	62.11224	5
5	551	145	67	62.11224	5
6	552	145	67	62.11224	5
7	553	145	67	62.11224	5
8	554	145	67	62.11224	5
9	555	145	67	62.11224	5
10	556	145	67	62.11224	5
11	557	145	67	62.11224	5
12	558	145	67	62.11224	5
13	559	145	67	62.11224	5
14	560	145	67	62.11224	5
15	561	145	67	62.11224	5
16	562	145	67	62.11224	5
17	563	145	67	62.11224	5
18	564	145	67	62.11224	5
19	565	145	67	62.11224	5
20	566	145	67	62.11224	5
21	567	145	67	62.11224	5
22	568	145	67	62.11224	5
23	569	145	67	62.11224	5
24	570	145	67	62.11224	5
25	571	145	67	62.11224	5
26	572	145	67	62.11224	5
27	573	145	67	62.11224	5
28	574	145	67	62.11224	5
29	575	145	67	62.11224	5
30	576	145	67	62.11224	5
31	577	145	67	62.11224	5
32	578	145	67	62.11224	5
33	579	145	67	62.11224	5
34	580	145	67	62.11224	5
35	581	145	67	62.11224	5
36	582	145	67	62.11224	5
37	583	145	67	62.11224	5
38	584	145	67	62.11224	5
39	585	145	67	62.11224	5
40	586	145	67	62.11224	5
41	587	145	67	62.11224	5
42	588	145	67	62.11224	5
43	589	145	67	62.11224	5
44	590	145	67	62.11224	5
45	591	145	67	62.11224	5
46	592	145	67	62.11224	5
47	593	145	67	62.11224	5
48	594	145	67	62.11224	5
49	595	145	67	62.11224	5
50	596	145	67	62.11224	5
51	597	145	67	62.11224	5
52	598	145	67	62.11224	5
53	599	145	67	62.11224	5
54	600	145	67	62.11224	5
55	601	145	67	62.11224	5
56	602	145	67	62.11224	5
57	603	145	67	62.11224	5
58	604	145	67	62.11224	5
59	605	145	67	62.11224	5
60	606	145	67	62.11224	5
61	607	145	67	62.11224	5
62	608	145	67	62.11224	5
63	609	145	67	62.11224	5
64	610	145	67	62.11224	5
65	611	145	67	62.11224	5
66	612	145	67	62.11224	5
67	613	145	67	62.11224	5
68	614	145	67	62.11224	5
69	615	145	67	62.11224	5
70	616	145	67	62.11224	5
71	617	145	67	62.11224	5
72	618	145	67	62.11224	5
73	619	145	67	62.11224	5
74	620	145	67	62.11224	5
75	621	145	67	62.11224	5
76	622	145	67	62.11224	5
77	623	145	67	62.11224	5
78	624	145	67	62.11224	5
79	625	145	67	62.11224	5
80	626	145	67	62.11224	5
81	627	145	67	62.11224	5
82	628	145	67	62.11224	5
83	629	145	67	62.11224	5
84	630	145	67	62.11224	5
85	631	145	67	62.11224	5
86	632	145	67	62.11224	5
87	633	145	67	62.11224	5
88	634	145	67	62.11224	5
89	635	145	67	62.11224	5
90	636	145	67	62.11224	5
91	637	145	67	62.11224	5
92	638	145	67	62.11224	5
93	639	145	67	62.11224	5
94	640	145	67	62.11224	5
95	641	145	67	62.11224	5
96	642	145	67	62.11224	5
97	643	145	67	62.11224	5
98	644	145	67	62.11224	5
99	645	145	67	62.11224	5
100	646	145	67	62.11224	5
101	647	145	67	62.11224	5
102	648	145	67	62.11224	5
103	649	145	67	62.11224	5
104	650	145	67	62.11224	5
105	651	145	67	62.11224	5
106	652	145	67	62.11224	5
107	653	145	67	62.11224	5
108	654	145	67	62.11224	5
109	655	145	67	62.11224	5
110	656	145	67	62.11224	5
111	657	145	67	62.11224	5
112	658	145	67	62.11224	5
113	659	145	67	62.11224	5
114	660	145	67	62.11224	5
115	661	145	67	62.11224	5
116	662	145	67	62.11224	5
117	663	145	67	62.11224	5
118	664	145	67	62.11224	5
119	665	145	67	62.11224	5
120	666	145	67	62.11224	5
121	667	145	67	62.11224	5
122	668	145	67	62.11224	5
123	669	145	67	62.11224	5
124	670	145	67	62.11224	5
125	671	145	67	62.11224	5
126	672	145	67	62.11224	5
127	673	145	67	62.11224	5
128	674	145	67	62.11224	5
129	675	145	67	62.11224	5
130	676	145	67	62.11224	5
131	677	145	67	62.11224	5
132	678	145	67	62.11224	5
133	679	145	67	62.11224	5
134	680	145	67	62.11224	5
135	681	145	67	62.11224	5
136	682	145	67	62.11224	5
137	683	145	67	62.11224	5
138	684	145	67	62.11224	5
139	685	145	67	62.11224	5
140	686	145	67	62.11224	5
141	687	145	67	62.11224	5
142	688	145	67	62.11224	5
143	689	145	67	62.11224	5
144	690	145	67	62.11224	5
145	691	145	67	62.11224	5
146	692	145	67	62.11224	5
147	693	145	67	62.11224	5
148	694	145	67	62.11224	5
149	695	145	67	62.11224	5
150	696	145	67	62.11224	5
151	697	145	67	62.11224	5
152	698	145	67	62.11224	5
153	699	145	67	62.11224	5
154	700	145	67	62.11224	5
155	701	145	67	62.11224	5
156	702	145	67	62.11224	5
157	703	145	67	62.11224	5
158	704	145	67	62.11224	5
159	705	145	67	62.11224	5
160	706	145	67	62.11224	5
161	707	145	67	62.11224	5
162	708	145	67	62.11224	5
163	709	145	67	62.11224	5
164	710	145	67	62.11224	5
165	711	145	67	62.11224	5
166	712	145	67	62.11224	5
167	713	145	67	62.11224	5
168	714	145	67	62.11224	5
169	715	145	67	62.11224	5
170	716	145	67	62.11224	5
171	717	145	67	62.11224	5
172	718	145	67	62.11224	5
173	719	145	67	62.11224	5
174	720	145	67	62.11224	5
175	721	145	67	62.11224	5
176	722	145	67	62.11224	5
177	723	145	67	62.11224	5
178	724	145	67	62.11224	5
179	725	145	67	62.11224	5
180	726	145	67	62.11224	5
181	727	145	67	62.11224	5
182	728	145	67	62.11224	5
183	729	145	67	62.11224	5
184	730	145	67	62.11224	5
185	731	145	67	62.11224	5
186	732	145	67	62.11224	5
187	733	145	67	62.11224	5
188	734	145	67	62.11224	5
189	735	145	67	62.11224	5
190	736	145	67	62.11224	5
191	737	145	67	62.11224	5
192	738	145	67	62.11224	5
193	739	145	67	62.11224	5
194	740	145	67	62.11224	5
195	741	145	67	62.11224	5
196	742	145	67	62.11224	5
197	743	145	67	62.11224	5
198	744	145	67	62.11224	5
199	745	145	67	62.11224	5
200	746	145	67	62.11224	5
201	747	145	67	62.11224	5
202	748	145	67	62.11224	5
203	749	145	67	62.11224	5
204	750	145	67	62.11224	5
205	751	145	67	62.11224	5
206	752	145	67	62.11224	5
207	753	145	67	62.11224	5
208	754	145	67	62.11224	5
209	755	145	67	62.11224	5
210	756	145	67	62.11224	5
211	757	145	67	62.11224	5
212	758	145	67	62.11224	5
213	759	145	67	62.11224	5
214	760	145	67	62.11224	5
215	761	145	67	62.11224	5
216	762	145	67	62.11224	5
217	763	145	67	62.11224	5
218	764	145	67	62.11224	5
219	765	145	67	62.11224	5
220	766	145	67	62.11224	5
221	767	145	67	62.11224	5
222	768	145	67	62.11224	5
223	769	145	67	62.11224	5
224	770	145	67	62.11224	5
225	771	145	67	62.11224	5
226	772	145	67	62.11224	5
227	773	145	67	62.11224	5
228	774	145	67	62.11224	5
229	775	145	67	62.11224	5
230	776	145	67	62.11224	5
231	777	145	67	62.11224	5
232	778	145	67	62.11224	5
233	779	145	67	62.11224	5
234	780	145	67	62.11224	5
235	781	145	67	62.11224	5
236	782	145	67	62.11224	5
237	783	145	67	62.11224	5
238	784	145	67	62.11224	5
239	785	145	67	62.11224	5
240	786	145	67	62.11224	5
241	787	145	67	62.11224	5
242	788	145	67	62.11224	5
243	789	145	67	62.11224	5
244	790	145	67	62.11224	5
245	791	145	67	62.11224	5
246	792	145	67	62.11224	5
247	793	145	67	62.11224	5
248	794	145	67	62.11224	5
249	795	145	67	62.11224	5
250	796	145	67	62.11224	5
251	797	145	67	62.11224	5
252	798	145	67	62.11224	5
253	799	145	67	62.11224	5
254	800	145	67	62.11224	5
255	801	145	67	62.11224	5
256	802	145	67	62.11224	5
257	803	145	67	62.11224	5
258	804	145	67	62.11224	5
259	805	145	67	62.11224	5
260	806	145	67	62.11224	5
261	807	145	67	62.11224	5
262	808	145	67	62.11224	5
263	809	145	67	62.11224	5
264	810	145	67	62.11224	5
265	811	145	67	62.11224	5
266	812	145	67	62.11224	5
267	813	145	67	62.11224	5
268	814	145	67	62.11224	5
269	815	145	67	62.11224	5
270	816	145	67	62.11224	5
271	817	145	67	62.11224	5
272	818	145	67	62.11224	5
273	819	145	67	62.11224	5
274	820	145	67	62.11224	5
275	821	145	67	62.11224	5
276	822	145	67	62.11224	5
277	823	145	67	62.11224	5
278	824	145	67	62.11224	5
279	825	145	67	62.11224	5
280	826	145	67	62.11224	5
281	827	145	67	62.11224	5
282	828	145	67	62.11224	5
283	829	145	67	62.11224	5
284	830	145	67	62.11224	5
285	831	145	67	62.11224	5
286	832	145	67	62.11224	5
287	833	145	67	62.11224	5
288	834	145	67	62.11224	5
289	835	145	67	62.11224	5
290	836	145	67	62.11224	5
291	837	145	67	62.11224	5
292	838	145	67	62.11224	5
293	839	145	67	62.11224	5
294	840	145	67	62.11224	5
295	841	145	67	62.11224	5
296	842	145	67	62.11224	5
297	843	145	67	62.11224	5
298	844	145	67	62.11224	5
299	845	145	67	62.11224	5
300	846	145	67	62.11224	5
301	847	145	67	62.11224	5
302	848	145	67	62.11224	5
303	849	145	67	62.11224	5
304	850	145	67	62.11224	5
305	851	145	67	62.11224	5
306	852	145	67	62.11224	5
307	853	145	67	62.11224	5
308	854	145	67	62.11224	5
309	855	145	67	62.11224	5
310	856	145	67	62.11224	5
311	857	145	67	62.11224	5
312	858	145	67	62.11224	5
313	859	145	67	62.11224	5
314	860	145	67	62.11224	5
315	861	145	67	62.11224	5
316	862	145	67	62.11224	5
317	863	145	67	62.11224	5
318	864	145	67	62.11224	5
319	865	145	67	62.11224	5
320	866	145	67	62.11224	5
321	867	145	67	62.11224	5
322	868	145	67	62.11224	5
323	869	145	67	62.11224	5
324	870	145	67	62.11224	5
325	871	145	67	62.11224	5
326	872	145	67	62.11224	5
327	873	145	67	62.11224	5
328	874	145	67	62.11224	5
329	875	145	67	62.11224	5
330	876	145	67	62.11224	5
331	877	145	67	62.11224	5
332	878	145	67	62.11224	5
333	879	145	67	62.11224	5
334	880	145	67	62.11224	5
335	881	145	67	62.11224	5
336	882	145	67	62.11224	5
337	883	145	67	62.11224	5
338	884	145	67	62.11224	5
339	885	145	67	62.11224	5
340	886	145	67	62.11224	5
341	887	145	67	62.11224	5
342	888	145	67	62.11224	5
343	889	145	67	62.11224	5
344	890	145	67	62.11224	5
345	891	145	67	62.11224	5
346	892	145	67	62.11224	5
347	893	145	67	62.11224	5
348	894	145	67	62.11224	5
349	895	145	67	62.11224	5
350	896	145	67	62.11224	5
351	897	145	67	62.11224	5
352	898	145	67	62.11224	5
353	899	145	67	62.11224	5
354	900	145	67	62.11224	5
355	901	145	67	62.11224	5
356	902	145	67	62.11224	5
357	903	145	67	62.11224	5
358	904	145	67	62.11224	5
359	905	145	67	62.11224	5
360	906	145	67	62.11224	5
361	907	145	67	62.11224	5
362	908	145	67	62.11224	5
363	909	145	67	62.11224	5
364	910	145	67	62.11224	5
365	911	145	67	62.11224	5
366	912	145	67	62.11224	5
367	913	145	67	62.11224	5
368	914	145	67	62.11224	5
369	915	145	67	62.11224	5
370	916	145	67	62.11224	5
371	917	145	67	62.11224	5
372	918	145	67	62.11224	5
373	919	145	67	62.11224	5
374	920	145	67	62.11224	5
375	921	145	67	62.11224	5
376	922	145	67	62.11224	5
377	923	145	67	62.11224	5
378	924	145	67	62.11224	5
379	925	145	67	62.11224	5
380	926	145	67	62.11224	5
381	927	145	67	62.11224	5
382	928	145	67	62.11224	5
383	929	145	67	62.11224	5
384	930	145	67	62.11224	5
385	931	145	67	62.11224	5
386	932	145	67	62.11224	5
387	933	145	67	62.11224	5
388	390	2035	673	665.4	5
388	391	1074	369	358.8	5
388	708	306	179	174.0	5
388	802	748	291	286.8	5
389	390	794	265	260.4	5
389	801	1269	579	574.8	5
389	914	558	242	237.6	5
390	388	2035	673	665.4	5
390	389	794	265	260.4	5
390	925	1193	422	415.79999999999995	5
391	388	1074	366	358.8	5
391	392	770	276	253.2	5
391	709	214	36	31.8	5
391	715	797	386	381.6	5
392	391	770	261	253.2	5
392	393	456	198	153.0	10
392	713	283	85	63.0	5
392	717	271	188	178.8	5
393	392	456	168	153.0	5
393	394	525	251	205.2	10
393	712	457	167	157.20000000000002	5
393	716	103	126	112.2	5
394	393	525	215	205.2	5
394	395	381	168	145.2	5
394	584	806	372	298.2	16
394	601	95	159	105.0	14
395	394	381	152	145.2	5
395	396	567	276	219.0	12
395	584	654	238	232.79999999999998	5
395	600	140	88	81.60000000000001	5
396	395	567	226	219.0	5
396	397	330	161	126.6	7
397	396	330	132	126.6	5
397	398	367	233	141.6	26
397	588	422	189	181.2	5
397	604	186	112	76.8	9
398	397	367	165	141.6	5
398	399	106	73	43.199999999999996	8
398	400	330	132	126.6	5
398	403	474	207	183.6	5
399	398	106	51	43.199999999999996	5
399	537	664	354	256.8	24
399	604	287	207	199.2	5
399	609	230	70	52.8	5
400	398	330	139	126.6	5
400	401	583	251	245.39999999999998	5
400	587	170	333	52.8	136
400	609	423	408	403.2	5
401	400	583	266	245.39999999999998	5
401	402	253	106	101.39999999999999	5
401	585	169	111	102.0	5
401	590	375	138	108.60000000000001	6
402	401	253	106	101.39999999999999	5
403	398	474	196	183.6	5
403	404	507	253	195.6	13
403	606	203	211	170.39999999999998	8
403	611	325	191	124.19999999999999	18
404	403	507	226	195.6	6
404	405	154	149	63.0	29
404	675	260	193	188.4	5
404	680	272	112	76.2	9
405	404	154	123	63.0	18
405	406	369	157	151.79999999999998	5
405	488	161	88	60.6	6
406	405	369	164	151.79999999999998	5
406	407	515	211	198.6	5
406	677	138	133	120.0	5
406	682	372	201	147.0	13
407	406	515	228	198.6	5
407	408	497	229	195.0	6
407	687	138	109	102.6	5
407	692	415	182	148.20000000000002	7
408	407	497	249	195.0	12
408	409	323	137	130.2	5
408	689	177	140	131.4	5
408	694	355	272	126.6	48
409	408	323	141	130.2	5
409	410	605	251	235.8	5
409	538	238	100	88.2	5
409	539	431	278	171.6	30
410	409	605	295	235.8	13
410	411	505	197	163.20000000000002	7
410	690	475	189	174.0	5
410	700	107	136	65.4	23
411	410	505	263	163.20000000000002	28
411	412	496	189	163.8	5
411	685	493	191	182.4	5
411	695	107	68	62.400000000000006	5
412	411	496	236	163.8	18
412	413	485	181	156.6	5
413	412	485	225	156.6	17
413	414	474	173	157.20000000000002	5
413	730	535	211	201.0	5
413	734	105	45	39.0	5
414	413	474	210	157.20000000000002	12
414	415	739	251	245.99999999999997	5
414	731	540	202	197.4	5
414	735	107	39	32.400000000000006	5
415	414	739	251	245.99999999999997	5
415	416	1040	345	340.2	5
415	727	717	293	288.0	5
415	733	296	185	180.6	5
416	415	1040	347	340.2	5
416	417	945	314	309.0	5
416	726	345	97	92.4	5
416	732	667	321	316.8	5
417	416	945	315	309.0	5
417	732	1385	595	590.4	5
417	913	528	212	207.0	5
417	926	1101	382	377.4	5
418	419	930	334	316.2	5
418	921	395	237	231.6	5
418	922	718	296	286.2	5
418	923	1756	544	538.8000000000001	5
419	418	930	321	316.2	5
419	420	813	299	268.2	5
419	739	576	309	304.20000000000005	5
419	743	275	91	86.39999999999999	5
420	419	813	274	268.2	5
420	421	502	230	197.4	6
420	751	422	159	154.2	5
420	752	153	106	100.8	5
421	420	502	203	197.4	5
421	422	549	262	211.79999999999998	11
421	753	249	74	56.4	5
421	754	310	178	171.6	5
422	421	549	218	211.79999999999998	5
422	423	474	275	186.6	23
422	762	103	82	52.2	8
422	766	515	264	216.6	10
423	422	474	195	186.6	5
423	424	523	288	205.8	20
423	764	117	123	36.0	34
423	767	590	268	244.8	5
424	423	523	214	205.8	5
424	425	518	286	198.6	22
424	773	115	98	78.0	5
424	777	562	276	223.20000000000002	11
425	424	518	208	198.6	5
425	426	259	168	102.6	18
425	775	249	176	157.20000000000002	5
425	779	293	136	88.8	12
426	425	259	116	102.6	5
426	427	161	94	66.60000000000001	6
426	441	744	334	289.20000000000005	8
427	426	161	89	66.60000000000001	5
427	428	547	251	210.0	8
427	594	125	93	85.8	5
427	779	435	164	159.0	5
428	427	547	224	210.0	5
428	429	115	52	46.800000000000004	5
428	431	161	84	62.400000000000006	5
429	428	115	58	46.800000000000004	5
429	430	101	42	37.8	5
429	593	169	148	143.4	5
429	778	405	171	166.2	5
430	429	101	42	37.8	5
431	428	161	69	62.400000000000006	5
431	432	544	317	211.2	28
431	593	115	83	76.2	5
431	597	410	179	174.60000000000002	5
432	431	544	253	211.2	8
432	433	402	221	157.20000000000002	16
432	595	281	195	189.60000000000002	5
432	599	264	91	79.80000000000001	5
433	432	402	188	157.20000000000002	6
433	434	340	193	141.0	12
433	616	473	210	204.0	5
433	617	129	95	90.0	5
434	433	340	167	141.0	5
434	435	440	229	184.2	9
434	618	535	252	247.20000000000002	5
434	619	107	46	39.0	5
435	434	440	220	184.2	7
435	436	301	172	115.19999999999999	15
435	552	221	83	53.4	7
435	554	297	255	235.8	5
436	435	301	173	115.19999999999999	15
436	437	465	324	184.8	41
436	496	161	120	61.2	18
437	436	465	327	184.8	42
437	438	642	370	248.39999999999998	32
437	554	175	58	37.2	5
437	556	561	440	430.79999999999995	5
438	437	642	371	248.39999999999998	32
438	439	371	161	144.0	5
438	535	1198	512	490.2	5
438	536	314	174	126.6	11
438	540	254	179	100.8	23
439	438	371	177	144.0	7
439	440	391	193	151.79999999999998	9
439	614	395	178	163.20000000000002	5
439	615	131	140	116.39999999999999	5
440	439	391	235	151.79999999999998	22
440	441	412	173	157.79999999999998	5
440	612	395	208	158.4	11
440	613	145	148	112.8	8
441	426	744	296	289.20000000000005	5
441	440	412	200	157.79999999999998	9
441	591	316	206	191.4	5
441	596	221	69	43.199999999999996	7
442	443	663	220	215.39999999999998	5
442	898	1056	394	389.40000000000003	5
442	899	261	171	166.79999999999998	5
442	929	5557	383	378.59999999999997	5
443	442	663	220	215.39999999999998	5
443	444	765	272	267.0	5
443	897	170	299	78.0	91
443	898	645	248	238.8	5
444	443	765	272	267.0	5
444	445	917	305	300.0	5
445	444	917	305	300.0	5
445	446	1151	382	376.2	5
445	885	800	387	382.2	5
445	886	277	68	63.0	5
446	445	1151	381	376.2	5
446	447	1062	354	346.8	5
446	858	239	149	144.60000000000002	5
446	859	801	317	312.6	5
447	446	1062	352	346.8	5
447	448	730	248	238.8	5
447	848	644	340	335.4	5
447	849	365	117	112.2	5
448	447	730	244	238.8	5
448	449	505	207	196.79999999999998	5
448	664	465	174	166.79999999999998	5
448	665	111	75	70.19999999999999	5
449	448	505	202	196.79999999999998	5
449	450	309	127	120.0	5
449	662	445	179	174.60000000000002	5
449	663	115	92	84.6	5
450	449	309	125	120.0	5
450	451	221	92	86.39999999999999	5
450	453	685	282	273.59999999999997	5
450	508	594	235	228.0	5
451	450	221	91	86.39999999999999	5
451	452	338	143	130.8	5
451	654	339	113	108.60000000000001	5
451	655	207	154	148.8	5
452	451	338	136	130.8	5
452	525	364	171	139.2	7
452	652	365	136	130.2	5
452	654	191	142	136.79999999999998	5
453	450	685	284	273.59999999999997	5
453	454	1543	636	616.1999999999999	5
453	650	442	243	169.2	19
453	841	125	115	88.8	6
454	453	1543	643	616.1999999999999	5
454	455	506	211	193.8	5
454	838	335	120	115.8	5
454	840	203	152	147.0	5
455	454	506	212	193.8	5
455	456	494	184	162.0	5
455	833	362	167	162.0	5
455	835	200	176	171.0	5
456	455	494	181	162.0	5
456	457	538	189	175.8	5
456	834	332	125	120.6	5
456	836	191	149	144.60000000000002	5
457	456	538	192	175.8	5
457	458	267	97	90.0	5
457	829	515	226	219.0	5
457	831	115	69	43.199999999999996	7
458	457	267	99	90.0	5
458	459	231	91	85.8	5
458	467	949	323	310.2	5
458	468	522	195	174.60000000000002	5
459	458	231	92	85.8	5
459	460	852	289	279.6	5
459	832	215	81	76.2	5
459	845	614	468	463.2	5
460	459	852	303	279.6	5
460	461	1146	389	378.0	5
460	872	812	356	351.6	5
460	875	185	137	132.6	5
461	460	1146	399	378.0	5
461	462	979	331	323.4	5
461	874	410	146	141.0	5
461	877	665	357	352.2	5
462	461	979	334	323.4	5
462	873	551	212	207.0	5
462	876	463	266	261.0	5
462	927	1305	474	466.8	5
463	464	703	240	234.0	5
463	928	2814	971	957.6	5
464	463	703	241	234.0	5
464	465	1319	440	432.6	5
464	883	471	240	235.2	5
464	884	568	195	190.8	5
465	464	1319	441	432.6	5
465	466	1014	353	344.40000000000003	5
465	862	756	275	270.0	5
465	881	260	153	148.8	5
466	465	1014	353	344.40000000000003	5
466	467	969	332	319.8	5
466	855	355	105	100.19999999999999	5
466	862	671	329	324.0	5
467	458	949	329	310.2	5
467	466	969	329	319.8	5
467	845	372	130	125.39999999999999	5
467	855	640	357	352.8	5
468	458	522	183	174.60000000000002	5
468	469	538	195	175.2	5
468	829	281	84	79.80000000000001	5
468	830	254	176	171.0	5
469	468	538	183	175.2	5
469	470	497	195	163.8	6
469	819	111	25	20.400000000000002	5
469	824	598	245	240.6	5
470	469	497	174	163.8	5
470	471	700	304	247.20000000000002	12
470	817	103	49	44.4	5
470	822	540	206	201.6	5
471	470	700	259	247.20000000000002	5
471	472	536	265	175.2	24
471	815	547	235	230.39999999999998	5
471	816	111	41	36.6	5
472	471	536	188	175.2	5
472	473	262	152	105.0	12
472	813	316	89	83.39999999999999	5
472	815	244	140	133.20000000000002	5
473	472	262	111	105.0	5
473	474	505	201	193.8	5
473	475	494	231	190.2	8
473	707	651	280	263.4	5
473	813	125	95	86.39999999999999	5
474	473	505	199	193.8	5
474	538	505	221	199.2	5
474	701	138	108	103.8	5
474	706	407	187	147.0	8
475	473	494	196	190.2	5
475	476	258	125	100.8	5
475	706	425	190	184.8	5
475	707	199	109	104.4	5
476	475	258	106	100.8	5
476	477	571	267	222.6	9
476	705	386	128	121.2	5
476	707	200	172	167.4	5
477	476	571	230	222.6	5
477	478	388	209	151.79999999999998	14
477	503	134	60	52.8	5
477	504	147	67	57.0	5
478	477	388	178	151.79999999999998	5
478	479	510	319	194.4	35
478	633	333	124	114.6	5
478	703	222	171	161.4	5
479	478	510	244	194.4	11
479	480	198	111	79.2	8
479	629	378	151	127.2	5
479	693	162	202	112.8	26
480	479	198	105	79.2	6
480	481	218	92	84.6	5
480	483	257	153	100.8	14
480	484	304	170	127.8	9
480	486	320	149	121.79999999999998	5
481	480	218	92	84.6	5
481	482	82	37	32.400000000000006	5
481	483	185	106	100.19999999999999	5
481	691	390	169	145.2	5
482	481	82	37	32.400000000000006	5
483	480	257	153	100.8	14
483	481	185	105	100.19999999999999	5
483	539	520	230	199.8	5
483	693	115	49	30.0	5
484	480	304	163	127.8	8
484	485	505	278	195.6	21
484	627	293	152	118.8	7
484	629	258	224	219.0	5
485	484	505	265	195.6	16
485	489	412	276	159.60000000000002	34
485	626	296	140	100.8	9
485	628	230	181	170.39999999999998	5
486	480	320	146	121.79999999999998	5
486	535	42	36	17.4	5
486	627	355	172	133.20000000000002	8
486	691	180	150	144.0	5
487	488	406	178	159.0	5
487	535	590	282	247.20000000000002	6
487	681	277	125	81.60000000000001	11
487	682	254	209	182.4	5
488	405	161	69	60.6	5
488	487	406	227	159.0	17
488	680	388	220	178.20000000000002	9
488	682	171	193	166.2	5
489	485	412	272	159.60000000000002	32
489	490	165	86	63.6	5
489	630	291	167	160.8	5
489	631	298	260	253.8	5
490	489	165	77	63.6	5
490	491	405	220	156.6	16
490	557	411	226	215.39999999999998	5
490	631	202	238	228.0	5
491	490	405	190	156.6	7
491	492	445	273	170.39999999999998	29
491	558	396	205	192.0	5
491	559	124	56	36.0	5
492	491	445	246	170.39999999999998	19
492	493	167	96	82.2	5
492	561	371	192	185.39999999999998	5
492	562	124	38	29.4	5
493	492	167	89	82.2	5
493	494	322	190	134.4	14
493	497	238	155	116.39999999999999	9
493	562	97	82	75.6	5
493	564	308	109	82.2	6
494	493	322	199	134.4	17
494	495	437	218	168.6	11
494	561	113	65	60.0	5
494	563	372	169	139.8	6
495	494	437	270	168.6	28
495	496	400	204	153.6	12
495	551	552	289	281.40000000000003	5
495	560	103	64	56.4	5
496	436	161	120	61.2	18
496	495	400	228	153.6	19
496	553	248	90	78.0	5
496	556	166	238	222.6	5
497	493	238	200	116.39999999999999	24
497	498	97	56	39.6	5
498	497	97	71	39.6	9
498	499	212	93	80.4	5
498	533	207	114	96.60000000000001	5
499	498	212	100	80.4	5
499	500	440	214	170.39999999999998	9
499	567	257	104	93.60000000000001	5
499	569	177	146	139.2	5
500	499	440	297	170.39999999999998	37
500	501	559	261	216.6	9
500	566	260	163	109.2	14
500	570	113	103	81.60000000000001	5
501	500	559	339	216.6	33
501	502	539	226	209.4	5
501	571	190	155	149.4	5
501	636	180	51	37.2	5
502	501	539	259	209.4	11
502	503	562	242	232.20000000000002	5
502	632	277	241	100.19999999999999	49
502	634	268	307	234.60000000000002	17
503	477	134	58	52.8	5
503	502	562	262	232.20000000000002	5
503	504	61	36	31.200000000000003	5
503	633	515	222	210.0	5
504	477	147	70	57.0	5
504	503	61	38	31.200000000000003	5
504	505	545	230	210.6	5
504	635	120	33	27.0	5
505	504	545	274	210.6	14
505	506	377	163	145.2	5
505	634	303	100	88.8	5
505	639	235	150	145.2	5
506	505	377	204	145.2	14
506	507	605	263	235.2	5
506	639	145	113	108.0	5
506	644	407	171	155.39999999999998	5
507	506	605	300	235.2	15
507	508	1195	492	471.6	5
507	578	871	490	485.4	5
507	646	46	150	90.6	17
508	450	594	234	228.0	5
508	507	1195	519	471.6	8
508	509	319	171	144.60000000000002	5
509	508	319	182	144.60000000000002	8
509	510	505	271	194.4	19
509	659	185	42	35.4	5
509	667	365	308	303.0	5
510	509	505	272	194.4	19
510	511	41	27	18.0	5
510	658	177	29	22.2	5
510	666	375	249	244.8	5
511	510	41	28	18.0	5
511	512	350	183	132.6	12
511	521	484	194	187.20000000000002	5
511	522	721	289	282.0	5
512	511	350	187	132.6	13
512	513	579	277	223.8	11
512	661	185	46	34.8	5
512	670	578	453	448.8	5
513	512	579	300	223.8	18
513	514	825	350	318.59999999999997	5
513	902	530	255	215.39999999999998	8
513	905	996	553	547.1999999999999	5
514	513	825	367	318.59999999999997	9
514	515	680	277	265.79999999999995	5
514	903	433	167	156.6	5
514	905	1135	681	676.1999999999999	5
515	514	680	281	265.79999999999995	5
515	516	893	351	346.2	5
515	534	252	107	96.60000000000001	5
515	544	51	22	17.4	5
515	932	1764	360	355.79999999999995	5
516	515	893	351	346.2	5
516	517	1113	369	364.20000000000005	5
516	903	1219	546	537.6	5
516	906	189	102	97.2	5
517	516	1113	369	364.20000000000005	5
517	518	1215	403	398.4	5
517	908	277	158	153.0	5
517	909	728	268	263.4	5
518	517	1215	403	398.4	5
518	911	613	320	315.59999999999997	5
518	912	366	103	98.39999999999999	5
518	930	6482	564	559.2	5
519	520	115	50	45.0	5
519	521	423	169	163.20000000000002	5
519	668	60	59	38.4	5
519	670	542	194	188.4	5
520	519	115	50	45.0	5
521	511	484	208	187.20000000000002	5
521	519	423	168	163.20000000000002	5
521	666	134	40	33.0	5
521	670	461	241	235.8	5
522	511	721	287	282.0	5
522	523	964	447	438.59999999999997	5
523	522	964	443	438.59999999999997	5
523	530	350	209	134.4	20
523	545	10	12	7.199999999999999	5
524	525	497	202	194.4	5
524	545	627	306	265.2	7
524	578	464	286	280.2	5
524	647	135	101	94.80000000000001	5
525	452	364	147	139.2	5
525	524	497	231	194.4	7
525	652	180	159	154.2	5
525	657	378	156	150.6	5
526	527	907	435	360.59999999999997	15
526	528	1452	785	590.4	47
526	541	74	31	26.4	5
526	546	496	198	193.8	5
527	526	907	456	360.59999999999997	21
527	542	103	44	39.0	5
527	543	618	290	238.20000000000002	11
527	546	548	259	254.4	5
528	526	1452	633	590.4	7
528	529	220	92	85.8	5
528	573	404	358	340.2	5
528	575	193	90	52.8	10
529	528	220	95	85.8	5
529	530	320	129	122.99999999999999	5
529	531	190	165	73.2	30
530	523	350	146	134.4	5
530	529	320	157	122.99999999999999	7
530	575	425	188	164.4	5
530	577	138	176	168.6	5
531	529	190	111	73.2	9
531	532	237	173	99.0	21
531	573	125	210	205.2	5
531	574	380	193	177.0	5
532	531	237	148	99.0	13
532	533	206	140	90.6	13
532	569	245	207	177.0	6
532	574	288	139	133.8	5
533	498	207	126	96.60000000000001	6
533	532	206	118	90.6	6
533	568	251	85	75.6	5
533	569	144	183	178.8	5
534	515	252	106	96.60000000000001	5
534	543	499	236	198.6	7
534	933	1032	682	357.6	101
535	438	1198	550	490.2	11
535	486	42	37	17.4	6
535	487	590	260	247.20000000000002	5
536	438	314	215	126.6	25
536	537	498	226	193.8	6
536	615	295	105	91.2	5
537	399	664	289	256.8	6
537	536	498	270	193.8	19
537	608	455	204	198.6	5
537	610	105	107	48.6	19
538	409	238	150	88.2	17
538	474	505	205	199.2	5
538	699	120	33	27.0	5
538	704	570	258	250.79999999999998	5
539	409	431	180	171.6	5
539	483	520	294	199.8	25
539	694	194	68	37.2	9
539	704	361	298	292.8	5
540	438	254	106	100.8	5
540	583	125	199	33.6	79
540	622	345	111	105.0	5
541	526	74	32	26.4	5
541	582	492	352	345.59999999999997	5
541	902	637	487	481.2	5
542	527	103	44	39.0	5
542	902	366	261	252.6	5
542	903	711	373	368.4	5
543	527	618	338	238.20000000000002	25
543	534	499	220	198.6	5
543	903	153	89	84.0	5
544	515	51	22	17.4	5
544	903	554	329	323.4	5
544	904	425	200	195.0	5
545	523	10	13	7.199999999999999	5
545	524	627	273	265.2	5
545	577	310	238	216.6	5
545	580	186	105	90.0	5
546	526	496	199	193.8	5
546	527	548	259	254.4	5
547	1	145	67	62.11224	5
547	548	226	207	195.6	5
547	549	402	347	293.4	11
547	621	267	182	173.4	5
548	2	145	67	62.11224	5
548	547	226	203	195.6	5
548	550	461	357	348.59999999999997	5
548	552	411	289	269.40000000000003	5
548	618	330	218	211.2	5
549	3	145	67	62.11224	5
549	547	402	321	293.4	5
549	550	266	211	196.79999999999998	5
549	551	525	260	252.6	5
550	4	145	67	62.11224	5
550	548	461	354	348.59999999999997	5
550	549	266	209	196.79999999999998	5
550	551	481	340	310.79999999999995	5
550	552	551	516	466.2	8
550	553	312	262	235.2	5
550	560	442	362	324.0	6
551	5	145	67	62.11224	5
551	495	552	288	281.40000000000003	5
551	549	525	257	252.6	5
551	550	481	321	310.79999999999995	5
551	563	375	214	184.8	5
552	6	145	67	62.11224	5
552	435	221	79	53.4	6
552	548	411	279	269.40000000000003	5
552	550	551	501	466.2	5
552	553	373	282	273.59999999999997	5
552	618	448	285	260.4	5
552	619	521	293	288.0	5
553	7	145	67	62.11224	5
553	496	248	90	78.0	5
553	550	312	262	235.2	5
553	552	373	283	273.59999999999997	5
553	560	365	251	238.20000000000002	5
554	8	145	67	62.11224	5
554	435	297	254	235.8	5
554	437	175	57	37.2	5
554	614	511	347	302.4	8
554	619	472	368	298.2	15
554	622	630	450	347.4	24
554	625	311	217	203.4	5
555	9	145	67	62.11224	5
555	556	517	388	381.6	5
555	622	529	352	293.4	12
555	624	272	237	160.8	20
555	625	186	100	94.80000000000001	5
556	10	145	67	62.11224	5
556	437	561	441	430.79999999999995	5
556	496	166	254	222.6	6
556	555	517	396	381.6	5
556	557	484	396	355.2	7
556	560	445	413	337.8	16
556	624	651	631	556.8	14
557	11	145	67	62.11224	5
557	490	411	223	215.39999999999998	5
557	556	484	405	355.2	9
557	558	315	287	239.4	10
557	559	455	360	338.4	5
557	624	751	585	555.0	5
557	630	290	232	225.0	5
558	12	145	67	62.11224	5
558	491	396	200	192.0	5
558	557	315	258	239.4	5
558	560	335	369	241.8	34
558	561	392	263	255.6	5
559	13	145	67	62.11224	5
559	491	124	58	36.0	6
559	557	455	348	338.4	5
559	562	445	345	339.6	5
559	566	361	282	274.8	5
559	631	551	371	366.0	5
560	14	145	67	62.11224	5
560	495	103	69	56.4	5
560	550	442	351	324.0	5
560	553	365	246	238.20000000000002	5
560	556	445	379	337.8	7
560	558	335	351	241.8	28
560	561	415	272	262.8	5
561	15	145	67	62.11224	5
561	492	371	201	185.39999999999998	5
561	494	113	67	60.0	5
561	558	392	260	255.6	5
561	560	415	268	262.8	5
562	16	145	67	62.11224	5
562	492	124	36	29.4	5
562	493	97	81	75.6	5
562	559	445	344	339.6	5
562	563	401	341	336.6	5
562	567	248	200	192.6	5
563	17	145	67	62.11224	5
563	494	372	147	139.8	5
563	551	375	193	184.8	5
563	562	401	341	336.6	5
563	564	255	139	128.4	5
564	18	145	67	62.11224	5
564	493	308	100	82.2	5
564	563	255	142	128.4	5
564	565	250	142	129.60000000000002	5
565	19	145	67	62.11224	5
565	564	250	203	129.60000000000002	20
565	568	259	134	124.80000000000001	5
565	569	513	398	393.0	5
566	20	145	67	62.11224	5
566	500	260	136	109.2	5
566	559	361	286	274.8	5
566	567	430	335	325.79999999999995	5
566	631	488	443	436.8	5
567	21	145	67	62.11224	5
567	499	257	99	93.60000000000001	5
567	562	248	228	192.6	7
567	566	430	330	325.79999999999995	5
568	22	145	67	62.11224	5
568	533	251	87	75.6	5
568	565	259	176	124.80000000000001	13
568	574	347	189	184.8	5
569	23	145	67	62.11224	5
569	499	177	151	139.2	5
569	532	245	184	177.0	5
569	533	144	183	178.8	5
569	565	513	417	393.0	5
569	570	446	340	335.4	5
569	572	628	495	474.0	5
569	573	516	310	305.4	5
570	24	145	67	62.11224	5
570	500	113	128	81.60000000000001	12
570	569	446	340	335.4	5
570	571	592	394	389.40000000000003	5
570	572	423	325	318.59999999999997	5
571	25	145	67	62.11224	5
571	501	190	177	149.4	5
571	570	592	398	389.40000000000003	5
571	572	522	360	347.4	5
571	631	650	510	403.8	24
571	632	545	513	465.59999999999997	8
571	634	637	384	378.0	5
571	637	362	280	269.40000000000003	5
572	26	145	67	62.11224	5
572	569	628	615	474.0	33
572	570	423	343	318.59999999999997	5
572	571	522	379	347.4	5
572	573	445	310	294.6	5
572	576	402	258	252.0	5
572	637	613	429	387.0	7
573	27	145	67	62.11224	5
573	528	404	350	340.2	5
573	531	125	211	205.2	5
573	569	516	352	305.4	9
573	572	445	327	294.6	5
573	577	496	299	294.6	5
574	28	145	67	62.11224	5
574	531	380	182	177.0	5
574	532	288	148	133.8	5
574	568	347	199	184.8	5
574	575	495	297	292.2	5
575	29	145	67	62.11224	5
575	528	193	60	52.8	5
575	530	425	173	164.4	5
575	574	495	327	292.2	6
575	580	617	368	363.0	5
575	581	443	252	247.20000000000002	5
576	30	145	67	62.11224	5
576	572	402	270	252.0	5
576	577	512	396	382.8	5
576	578	581	397	380.4	5
576	637	550	357	348.0	5
576	643	280	228	211.79999999999998	5
577	31	145	67	62.11224	5
577	530	138	203	168.6	7
577	545	310	224	216.6	5
577	573	496	327	294.6	5
577	576	512	429	382.8	8
577	578	424	283	277.8	5
578	32	145	67	62.11224	5
578	507	871	490	485.4	5
578	524	464	285	280.2	5
578	576	581	497	380.4	27
578	577	424	288	277.8	5
578	579	594	445	436.8	5
578	580	515	390	382.8	5
578	643	391	234	227.4	5
578	645	532	356	351.0	5
579	33	145	67	62.11224	5
579	578	594	470	436.8	5
579	580	433	261	255.0	5
579	582	577	373	305.4	14
579	647	383	218	211.2	5
579	656	590	407	397.8	5
580	34	145	67	62.11224	5
580	545	186	108	90.0	5
580	575	617	390	363.0	5
580	578	515	391	382.8	5
580	579	433	260	255.0	5
580	581	617	592	587.4	5
580	582	613	402	388.8	5
581	35	145	67	62.11224	5
581	575	443	253	247.20000000000002	5
581	580	617	592	587.4	5
581	582	619	413	408.0	5
582	36	145	67	62.11224	5
582	541	492	350	345.59999999999997	5
582	579	577	346	305.4	7
582	580	613	399	388.8	5
582	581	619	415	408.0	5
582	660	688	370	352.8	5
583	37	145	67	62.11224	5
583	540	125	38	33.6	5
584	38	145	67	62.11224	5
584	394	806	366	298.2	14
584	395	654	240	232.79999999999998	5
584	586	746	376	369.0	5
584	588	769	412	363.59999999999997	9
584	605	886	489	484.20000000000005	5
584	710	795	369	343.2	5
584	712	795	453	448.8	5
584	768	1010	614	609.0	5
584	808	1059	643	638.4000000000001	5
585	39	145	67	62.11224	5
585	401	169	137	102.0	8
585	586	515	246	240.6	5
585	587	494	293	277.8	5
585	771	515	243	232.79999999999998	5
586	40	145	67	62.11224	5
586	584	746	374	369.0	5
586	585	515	268	240.6	5
586	588	494	272	266.40000000000003	5
586	772	484	238	229.8	5
587	41	145	67	62.11224	5
587	400	170	312	52.8	123
587	585	494	283	277.8	5
587	588	505	288	283.8	5
587	592	484	331	322.2	5
587	604	488	280	247.20000000000002	6
588	42	145	67	62.11224	5
588	397	422	266	181.2	22
588	584	769	370	363.59999999999997	5
588	586	494	271	266.40000000000003	5
588	587	505	289	283.8	5
589	43	145	67	62.11224	5
589	590	505	279	268.8	5
589	591	484	255	220.2	6
589	594	494	359	250.79999999999998	28
589	775	536	303	298.2	5
590	44	145	67	62.11224	5
590	401	375	127	108.60000000000001	5
590	589	505	312	268.8	8
590	592	515	264	256.8	5
590	776	525	290	285.59999999999997	5
591	45	145	67	62.11224	5
591	441	316	219	191.4	5
591	589	484	232	220.2	5
591	592	515	284	276.6	5
591	608	506	334	313.2	5
591	613	461	273	226.79999999999998	9
592	46	145	67	62.11224	5
592	587	484	327	322.2	5
592	590	515	261	256.8	5
592	591	515	303	276.6	5
592	608	466	308	262.2	9
592	609	475	326	302.4	5
593	47	145	67	62.11224	5
593	429	169	148	143.4	5
593	431	115	81	76.2	5
593	594	494	277	272.4	5
593	595	494	267	251.40000000000003	5
594	48	145	67	62.11224	5
594	427	125	90	85.8	5
594	589	494	319	250.79999999999998	15
594	593	494	278	272.4	5
594	596	494	309	277.8	5
595	49	145	67	62.11224	5
595	432	281	195	189.60000000000002	5
595	593	494	259	251.40000000000003	5
595	596	484	267	245.39999999999998	5
595	612	503	430	423.59999999999997	5
595	617	451	328	280.2	9
596	50	145	67	62.11224	5
596	441	221	55	43.199999999999996	5
596	594	494	298	277.8	5
596	595	484	290	245.39999999999998	9
596	612	456	314	253.8	13
596	613	503	397	365.4	5
597	51	145	67	62.11224	5
597	431	410	179	174.60000000000002	5
597	599	489	276	271.8	5
597	778	698	643	638.4000000000001	5
598	52	145	67	62.11224	5
598	599	435	260	255.0	5
598	616	357	276	270.59999999999997	5
598	620	314	245	237.0	5
599	53	145	67	62.11224	5
599	432	264	88	79.80000000000001	5
599	597	489	276	271.8	5
599	598	435	261	255.0	5
599	616	461	358	352.8	5
599	617	484	317	272.4	8
600	54	145	67	62.11224	5
600	395	140	89	81.60000000000001	5
600	601	515	232	224.4	5
600	602	443	206	199.2	5
600	605	484	226	219.60000000000002	5
601	55	145	67	62.11224	5
601	394	95	162	105.0	15
601	600	515	238	224.4	5
601	603	422	244	234.0	5
601	716	494	315	310.2	5
602	56	145	67	62.11224	5
602	600	443	209	199.2	5
602	603	515	235	229.2	5
602	607	485	287	271.8	5
602	671	484	304	283.2	5
603	57	145	67	62.11224	5
603	601	422	239	234.0	5
603	602	515	236	229.2	5
603	672	515	250	226.79999999999998	5
603	718	505	269	239.4	5
604	58	145	67	62.11224	5
604	397	186	81	76.8	5
604	399	287	238	199.2	8
604	587	488	303	247.20000000000002	12
604	605	484	253	245.39999999999998	5
604	606	422	238	222.6	5
605	59	145	67	62.11224	5
605	584	886	489	484.20000000000005	5
605	600	484	224	219.60000000000002	5
605	604	484	386	245.39999999999998	39
605	607	422	335	330.0	5
606	60	145	67	62.11224	5
606	403	203	402	170.39999999999998	80
606	604	422	311	222.6	22
606	607	484	253	245.39999999999998	5
606	675	526	416	384.0	5
607	61	145	67	62.11224	5
607	602	485	279	271.8	5
607	605	422	335	330.0	5
607	606	484	327	245.39999999999998	19
607	676	525	541	412.2	30
608	62	145	67	62.11224	5
608	537	455	233	198.6	7
608	591	506	329	313.2	5
608	592	466	269	262.2	5
608	609	474	271	265.2	5
608	613	484	268	258.0	5
609	63	145	67	62.11224	5
609	399	230	58	52.8	5
609	400	423	408	403.2	5
609	592	475	313	302.4	5
609	608	474	273	265.2	5
609	611	422	261	228.6	6
610	64	145	67	62.11224	5
610	537	105	60	48.6	5
610	611	464	229	223.8	5
610	615	495	271	251.40000000000003	5
610	679	515	306	286.2	5
611	65	145	67	62.11224	5
611	403	325	130	124.19999999999999	5
611	609	422	234	228.6	5
611	610	464	253	223.8	5
611	680	494	282	260.4	5
612	66	145	67	62.11224	5
612	440	395	206	158.4	11
612	595	503	430	423.59999999999997	5
612	596	456	280	253.8	5
612	614	391	265	256.2	5
612	617	494	303	263.4	7
613	67	145	67	62.11224	5
613	440	145	133	112.8	5
613	591	461	233	226.79999999999998	5
613	596	503	370	365.4	5
613	608	484	263	258.0	5
613	615	402	228	216.6	5
614	68	145	67	62.11224	5
614	439	395	177	163.20000000000002	5
614	554	511	344	302.4	7
614	612	391	262	256.2	5
614	619	508	383	339.0	8
614	622	576	377	363.59999999999997	5
615	69	145	67	62.11224	5
615	439	131	140	116.39999999999999	5
615	536	295	101	91.2	5
615	610	495	270	251.40000000000003	5
615	613	402	221	216.6	5
615	622	532	396	301.8	22
616	70	145	67	62.11224	5
616	433	473	210	204.0	5
616	598	357	276	270.59999999999997	5
616	599	461	357	352.8	5
616	618	320	202	190.8	5
616	620	319	232	227.4	5
617	71	145	67	62.11224	5
617	433	129	95	90.0	5
617	595	451	290	280.2	5
617	599	484	280	272.4	5
617	612	494	276	263.4	5
617	619	340	209	201.6	5
618	72	145	67	62.11224	5
618	434	535	252	247.20000000000002	5
618	548	330	217	211.2	5
618	552	448	276	260.4	5
618	616	320	199	190.8	5
618	621	352	238	232.79999999999998	5
619	73	145	67	62.11224	5
619	434	107	45	39.0	5
619	552	521	293	288.0	5
619	554	472	330	298.2	5
619	614	508	383	339.0	8
619	617	340	207	201.6	5
620	74	145	67	62.11224	5
620	598	314	243	237.0	5
620	616	319	232	227.4	5
620	621	237	181	156.6	5
621	75	145	67	62.11224	5
621	547	267	181	173.4	5
621	618	352	242	232.79999999999998	5
621	620	237	194	156.6	8
622	76	145	67	62.11224	5
622	540	345	153	105.0	12
622	554	630	382	347.4	6
622	555	529	309	293.4	5
622	614	576	368	363.59999999999997	5
622	615	532	342	301.8	7
622	623	545	364	301.2	13
622	625	463	293	288.0	5
623	77	145	67	62.11224	5
623	622	545	386	301.2	19
623	624	497	381	375.59999999999997	5
623	627	515	299	289.8	5
623	681	486	300	258.59999999999997	8
624	78	145	67	62.11224	5
624	555	272	225	160.8	16
624	556	651	611	556.8	9
624	557	751	572	555.0	5
624	623	497	382	375.59999999999997	5
624	626	454	273	265.79999999999995	5
625	79	145	67	62.11224	5
625	554	311	213	203.4	5
625	555	186	100	94.80000000000001	5
625	622	463	294	288.0	5
626	80	145	67	62.11224	5
626	485	296	119	100.8	5
626	624	454	286	265.79999999999995	5
626	627	515	311	306.0	5
626	630	350	265	259.20000000000005	5
627	81	145	67	62.11224	5
627	484	293	131	118.8	5
627	486	355	147	133.20000000000002	5
627	623	515	319	289.8	5
627	626	515	311	306.0	5
628	82	145	67	62.11224	5
628	485	230	193	170.39999999999998	5
628	629	485	293	286.8	5
628	631	525	398	393.0	5
628	632	506	308	299.40000000000003	5
629	83	145	67	62.11224	5
629	479	378	169	127.2	9
629	484	258	224	219.0	5
629	628	485	297	286.8	5
629	633	495	298	293.4	5
630	84	145	67	62.11224	5
630	489	291	168	160.8	5
630	557	290	232	225.0	5
630	626	350	266	259.20000000000005	5
631	85	145	67	62.11224	5
631	489	298	272	253.8	5
631	490	202	245	228.0	5
631	559	551	406	366.0	7
631	566	488	471	436.8	5
631	571	650	458	403.8	10
631	628	525	398	393.0	5
631	636	371	268	262.2	5
632	86	145	67	62.11224	5
632	502	277	140	100.19999999999999	10
632	571	545	507	465.59999999999997	7
632	628	506	324	299.40000000000003	5
632	633	495	277	271.8	5
632	636	492	314	250.2	14
633	87	145	67	62.11224	5
633	478	333	121	114.6	5
633	503	515	215	210.0	5
633	629	495	307	293.4	5
633	632	495	279	271.8	5
634	88	145	67	62.11224	5
634	502	268	376	234.60000000000002	39
634	505	303	94	88.8	5
634	571	637	458	378.0	17
634	635	495	269	231.6	7
634	637	494	343	325.2	5
635	89	145	67	62.11224	5
635	504	120	37	27.0	5
635	634	495	256	231.6	5
635	640	495	224	218.4	5
635	705	494	263	253.8	5
636	90	145	67	62.11224	5
636	501	180	43	37.2	5
636	631	371	290	262.2	5
636	632	492	290	250.2	7
637	91	145	67	62.11224	5
637	571	362	358	269.40000000000003	21
637	572	613	475	387.0	19
637	576	550	354	348.0	5
637	634	494	335	325.2	5
637	644	484	277	269.40000000000003	5
638	92	145	67	62.11224	5
638	640	925	419	397.8	5
638	642	756	332	326.40000000000003	5
638	707	547	302	247.20000000000002	12
638	815	742	348	343.2	5
638	825	512	236	217.79999999999998	5
638	826	507	293	288.0	5
639	93	145	67	62.11224	5
639	505	235	157	145.2	5
639	506	145	113	108.0	5
639	640	495	215	210.6	5
639	641	515	290	285.0	5
640	94	145	67	62.11224	5
640	635	495	345	218.4	35
640	638	925	403	397.8	5
640	639	495	218	210.6	5
640	642	495	268	263.4	5
641	95	145	67	62.11224	5
641	639	515	290	285.0	5
641	642	484	218	213.0	5
641	646	495	239	234.0	5
641	648	505	324	280.79999999999995	8
642	96	145	67	62.11224	5
642	638	756	332	326.40000000000003	5
642	640	495	288	263.4	5
642	641	484	218	213.0	5
642	649	515	262	257.4	5
643	97	145	67	62.11224	5
643	576	280	266	211.79999999999998	12
643	578	391	232	227.4	5
643	644	491	305	295.79999999999995	5
644	98	145	67	62.11224	5
644	506	407	185	155.39999999999998	6
644	637	484	317	269.40000000000003	9
644	643	491	303	295.79999999999995	5
644	646	505	321	313.8	5
645	99	145	67	62.11224	5
645	578	532	358	351.0	5
645	646	523	282	265.2	5
645	647	423	243	238.20000000000002	5
645	652	402	234	229.2	5
646	100	145	67	62.11224	5
646	507	46	166	90.6	22
646	641	495	240	234.0	5
646	644	505	331	313.8	5
646	645	523	274	265.2	5
646	653	495	253	248.39999999999998	5
647	101	145	67	62.11224	5
647	524	135	103	94.80000000000001	5
647	579	383	217	211.2	5
647	645	423	243	238.20000000000002	5
647	657	368	255	217.79999999999998	7
648	102	145	67	62.11224	5
648	641	505	515	280.79999999999995	71
648	649	474	274	268.8	5
648	650	495	244	239.4	5
648	653	506	247	237.0	5
649	103	145	67	62.11224	5
649	642	515	292	257.4	6
649	648	474	274	268.8	5
649	651	494	239	234.0	5
649	825	515	250	240.6	5
650	104	145	67	62.11224	5
650	453	442	225	169.2	13
650	648	495	245	239.4	5
650	651	515	267	261.0	5
650	655	494	303	296.40000000000003	5
651	105	145	67	62.11224	5
651	649	494	247	234.0	5
651	650	515	267	261.0	5
651	827	495	245	239.4	5
651	842	495	275	270.0	5
652	106	145	67	62.11224	5
652	452	365	135	130.2	5
652	525	180	159	154.2	5
652	645	402	235	229.2	5
652	653	515	263	257.4	5
653	107	145	67	62.11224	5
653	646	495	266	248.39999999999998	5
653	648	506	242	237.0	5
653	652	515	268	257.4	5
653	655	526	294	288.59999999999997	5
654	108	145	67	62.11224	5
654	451	339	113	108.60000000000001	5
654	452	191	146	136.79999999999998	5
654	659	515	294	288.59999999999997	5
654	662	515	267	261.0	5
655	109	145	67	62.11224	5
655	451	207	155	148.8	5
655	650	494	301	296.40000000000003	5
655	653	526	299	288.59999999999997	5
655	663	495	268	263.4	5
656	110	145	67	62.11224	5
656	579	590	429	397.8	5
656	657	505	344	338.4	5
656	658	515	292	285.0	5
656	660	391	267	229.8	7
657	111	145	67	62.11224	5
657	525	378	156	150.6	5
657	647	368	290	217.79999999999998	17
657	656	505	344	338.4	5
657	659	536	318	313.2	5
658	112	145	67	62.11224	5
658	510	177	28	22.2	5
658	656	515	291	285.0	5
658	659	505	338	333.59999999999997	5
658	661	391	223	217.79999999999998	5
659	113	145	67	62.11224	5
659	509	185	42	35.4	5
659	654	515	294	288.59999999999997	5
659	657	536	318	313.2	5
659	658	505	338	333.59999999999997	5
660	114	145	67	62.11224	5
660	582	688	396	352.8	8
660	656	391	263	229.8	6
660	661	505	281	276.6	5
660	902	586	412	362.4	9
661	115	145	67	62.11224	5
661	512	185	41	34.8	5
661	658	391	223	217.79999999999998	5
661	660	505	281	276.6	5
661	902	632	491	477.0	5
662	116	145	67	62.11224	5
662	449	445	179	174.60000000000002	5
662	654	515	272	261.0	5
662	664	505	232	227.4	5
662	667	505	328	323.4	5
663	117	145	67	62.11224	5
663	449	115	92	84.6	5
663	655	495	268	263.4	5
663	665	505	262	257.4	5
663	841	515	254	249.60000000000002	5
664	118	145	67	62.11224	5
664	448	465	173	166.79999999999998	5
664	662	505	235	227.4	5
664	669	494	240	230.39999999999998	5
664	849	753	357	352.8	5
665	119	145	67	62.11224	5
665	448	111	75	70.19999999999999	5
665	663	505	262	257.4	5
665	843	494	229	223.8	5
665	849	773	393	388.8	5
666	120	145	67	62.11224	5
666	510	375	249	244.8	5
666	521	134	43	33.0	5
666	667	505	292	280.79999999999995	5
666	668	494	255	250.79999999999998	5
667	121	145	67	62.11224	5
667	509	365	309	303.0	5
667	662	505	329	323.4	5
667	666	505	298	280.79999999999995	5
667	669	494	264	259.20000000000005	5
668	122	145	67	62.11224	5
668	519	60	88	38.4	16
668	666	494	255	250.79999999999998	5
668	669	505	300	285.0	5
668	850	505	235	230.39999999999998	5
669	123	145	67	62.11224	5
669	664	494	240	230.39999999999998	5
669	667	494	264	259.20000000000005	5
669	668	505	298	285.0	5
669	851	495	282	277.2	5
670	124	145	67	62.11224	5
670	512	578	453	448.8	5
670	519	542	195	188.4	5
670	521	461	245	235.8	5
670	854	1000	623	618.6	5
670	902	1171	894	621.5999999999999	71
670	905	798	617	600.0	5
671	125	145	67	62.11224	5
671	602	484	290	283.2	5
671	672	485	225	219.60000000000002	5
671	673	505	252	239.4	5
671	676	505	263	234.60000000000002	5
672	126	145	67	62.11224	5
672	603	515	236	226.79999999999998	5
672	671	485	236	219.60000000000002	5
672	674	505	252	239.4	5
672	722	484	231	214.8	5
673	127	145	67	62.11224	5
673	671	505	246	239.4	5
673	674	516	235	229.8	5
673	678	484	259	219.60000000000002	8
673	683	526	276	256.2	5
674	128	145	67	62.11224	5
674	672	505	246	239.4	5
674	673	516	236	229.8	5
674	684	494	265	257.4	5
674	724	494	277	270.0	5
675	129	145	67	62.11224	5
675	404	260	238	188.4	11
675	606	526	392	384.0	5
675	676	464	264	259.20000000000005	5
675	677	474	248	240.0	5
676	130	145	67	62.11224	5
676	607	525	444	412.2	5
676	671	505	239	234.60000000000002	5
676	675	464	281	259.20000000000005	5
676	678	484	253	245.39999999999998	5
677	131	145	67	62.11224	5
677	406	138	208	120.0	25
677	675	474	251	240.0	5
677	678	485	277	271.8	5
677	687	515	267	262.2	5
678	132	145	67	62.11224	5
678	673	484	228	219.60000000000002	5
678	676	484	250	245.39999999999998	5
678	677	485	280	271.8	5
678	688	505	257	250.79999999999998	5
679	133	145	67	62.11224	5
679	610	515	304	286.2	5
679	680	371	209	204.0	5
679	681	515	324	281.40000000000003	8
680	134	145	67	62.11224	5
680	404	272	81	76.2	5
680	488	388	213	178.20000000000002	7
680	611	494	293	260.4	6
680	679	371	243	204.0	8
681	135	145	67	62.11224	5
681	487	277	95	81.60000000000001	5
681	623	486	359	258.59999999999997	25
681	679	515	355	281.40000000000003	16
681	691	484	246	240.0	5
682	136	145	67	62.11224	5
682	406	372	157	147.0	5
682	487	254	256	182.4	18
682	488	171	188	166.2	5
682	692	506	245	240.0	5
683	137	145	67	62.11224	5
683	673	526	266	256.2	5
683	684	494	275	270.0	5
683	685	474	246	223.8	5
683	688	506	279	251.40000000000003	5
684	138	145	67	62.11224	5
684	674	494	267	257.4	5
684	683	494	284	270.0	5
684	728	494	240	234.60000000000002	5
685	139	145	67	62.11224	5
685	411	493	188	182.4	5
685	683	474	245	223.8	5
685	686	474	227	210.0	5
685	690	515	237	229.2	5
686	140	145	67	62.11224	5
686	685	474	229	210.0	5
686	730	494	247	234.60000000000002	5
687	141	145	67	62.11224	5
687	407	138	152	102.6	12
687	677	515	267	262.2	5
687	688	474	272	265.2	5
687	689	494	306	301.2	5
688	142	145	67	62.11224	5
688	678	505	256	250.79999999999998	5
688	683	506	257	251.40000000000003	5
688	687	474	287	265.2	5
688	690	505	324	319.20000000000005	5
689	143	145	67	62.11224	5
689	408	177	208	131.4	21
689	687	494	306	301.2	5
689	690	475	246	240.0	5
689	699	525	335	289.8	9
690	144	145	67	62.11224	5
690	410	475	214	174.0	8
690	685	515	234	229.2	5
690	688	505	324	319.20000000000005	5
690	689	475	267	240.0	5
691	145	145	67	62.11224	5
691	481	390	178	145.2	7
691	486	180	155	144.0	5
691	681	484	250	240.0	5
691	692	464	260	253.2	5
692	146	145	67	62.11224	5
692	407	415	154	148.20000000000002	5
692	682	506	246	240.0	5
692	691	464	287	253.2	6
692	694	494	318	310.2	5
693	147	145	67	62.11224	5
693	479	162	125	112.8	5
693	483	115	38	30.0	5
693	694	505	264	256.8	5
693	703	515	318	307.8	5
694	148	145	67	62.11224	5
694	408	355	145	126.6	5
694	539	194	42	37.2	5
694	692	494	315	310.2	5
694	693	505	295	256.8	7
695	149	145	67	62.11224	5
695	411	107	71	62.400000000000006	5
695	696	505	244	239.4	5
695	697	494	282	277.8	5
695	700	505	335	330.0	5
696	150	145	67	62.11224	5
696	695	505	244	239.4	5
696	698	515	263	258.59999999999997	5
696	734	474	259	252.0	5
697	151	145	67	62.11224	5
697	695	494	287	277.8	5
697	698	505	243	237.0	5
697	702	505	244	238.20000000000002	5
697	809	505	243	237.0	5
698	152	145	67	62.11224	5
698	696	515	264	258.59999999999997	5
698	697	505	245	237.0	5
698	736	484	264	259.20000000000005	5
698	810	484	285	280.2	5
699	153	145	67	62.11224	5
699	538	120	36	27.0	5
699	689	525	341	289.8	10
699	700	484	257	245.39999999999998	5
699	701	484	225	219.60000000000002	5
700	154	145	67	62.11224	5
700	410	107	144	65.4	26
700	695	505	335	330.0	5
700	699	484	256	245.39999999999998	5
700	702	515	311	306.0	5
701	155	145	67	62.11224	5
701	474	138	110	103.8	5
701	699	484	267	219.60000000000002	10
701	702	485	223	206.4	5
701	813	495	270	265.79999999999995	5
702	156	145	67	62.11224	5
702	697	505	244	238.20000000000002	5
702	700	515	313	306.0	5
702	701	485	285	206.4	19
702	814	494	278	273.0	5
703	157	145	67	62.11224	5
703	478	222	181	161.4	5
703	693	515	419	307.8	27
703	704	484	263	257.4	5
703	705	464	256	250.79999999999998	5
704	158	145	67	62.11224	5
704	538	570	256	250.79999999999998	5
704	539	361	337	292.8	8
704	703	484	266	257.4	5
704	706	484	278	273.0	5
705	159	145	67	62.11224	5
705	476	386	126	121.2	5
705	635	494	269	253.8	5
705	703	464	271	250.79999999999998	5
705	706	495	255	248.39999999999998	5
706	160	145	67	62.11224	5
706	474	407	179	147.0	6
706	475	425	189	184.8	5
706	704	484	278	273.0	5
706	705	495	264	248.39999999999998	5
707	161	145	67	62.11224	5
707	473	651	271	263.4	5
707	475	199	109	104.4	5
707	476	200	175	167.4	5
707	638	547	252	247.20000000000002	5
708	162	145	67	62.11224	5
708	388	306	179	174.0	5
708	709	989	422	417.6	5
708	714	982	424	419.40000000000003	5
708	913	2827	1207	1202.3999999999999	5
709	163	145	67	62.11224	5
709	391	214	37	31.8	5
709	708	989	422	417.6	5
709	711	785	334	329.40000000000003	5
709	713	775	360	355.2	5
709	803	1030	466	461.40000000000003	5
710	164	145	67	62.11224	5
710	584	795	580	343.2	69
710	712	484	329	306.6	5
710	806	484	220	211.2	5
711	165	145	67	62.11224	5
711	709	785	334	329.40000000000003	5
711	713	515	402	245.39999999999998	44
711	807	464	197	191.4	5
712	166	145	67	62.11224	5
712	393	457	169	157.20000000000002	5
712	584	795	458	448.8	5
712	710	484	311	306.6	5
712	713	515	263	256.8	5
713	167	145	67	62.11224	5
713	392	283	92	63.0	7
713	709	775	360	355.2	5
713	711	515	260	245.39999999999998	5
713	712	515	281	256.8	5
713	716	563	411	406.2	5
714	168	145	67	62.11224	5
714	708	982	424	419.40000000000003	5
714	715	958	404	399.6	5
714	720	979	422	417.0	5
714	913	1924	821	816.5999999999999	5
715	169	145	67	62.11224	5
715	391	797	386	381.6	5
715	714	958	404	399.6	5
715	717	760	326	321.6	5
715	719	763	321	316.8	5
715	721	958	402	397.2	5
716	170	145	67	62.11224	5
716	393	103	139	112.2	5
716	601	494	315	310.2	5
716	713	563	411	406.2	5
716	717	484	250	245.39999999999998	5
716	718	443	272	267.0	5
717	171	145	67	62.11224	5
717	392	271	190	178.8	5
717	715	760	326	321.6	5
717	716	484	250	245.39999999999998	5
717	719	422	241	234.0	5
718	172	145	67	62.11224	5
718	603	505	291	239.4	11
718	716	443	272	267.0	5
718	719	474	231	223.8	5
718	722	516	245	227.4	5
719	173	145	67	62.11224	5
719	715	763	321	316.8	5
719	717	422	240	234.0	5
719	718	474	241	223.8	5
719	723	505	243	237.0	5
720	174	145	67	62.11224	5
720	714	979	422	417.0	5
720	721	948	399	394.8	5
720	726	1000	429	424.20000000000005	5
720	913	1310	560	555.0	5
721	175	145	67	62.11224	5
721	715	958	402	397.2	5
721	720	948	399	394.8	5
721	723	769	330	324.6	5
721	725	796	336	330.0	5
721	727	989	426	421.8	5
722	176	145	67	62.11224	5
722	672	484	292	214.8	19
722	718	516	237	227.4	5
722	723	505	261	256.8	5
722	724	484	327	240.0	21
723	177	145	67	62.11224	5
723	719	505	242	237.0	5
723	721	769	329	324.6	5
723	722	505	261	256.8	5
723	725	525	252	244.8	5
724	178	145	67	62.11224	5
724	674	494	286	270.0	5
724	722	484	271	240.0	5
724	725	475	245	240.0	5
724	728	505	231	224.4	5
725	179	145	67	62.11224	5
725	721	796	335	330.0	5
725	723	525	249	244.8	5
725	724	475	249	240.0	5
725	729	494	268	263.4	5
726	180	145	67	62.11224	5
726	416	345	97	92.4	5
726	720	1000	429	424.20000000000005	5
726	727	969	409	404.40000000000003	5
726	913	1273	567	562.8000000000001	5
727	181	145	67	62.11224	5
727	415	717	293	288.0	5
727	721	989	426	421.8	5
727	726	969	409	404.40000000000003	5
727	729	760	351	342.6	5
727	731	763	320	315.59999999999997	5
728	182	145	67	62.11224	5
728	684	494	244	234.60000000000002	5
728	724	505	231	224.4	5
728	729	474	245	240.0	5
728	730	494	261	250.79999999999998	5
729	183	145	67	62.11224	5
729	725	494	268	263.4	5
729	727	760	347	342.6	5
729	728	474	245	240.0	5
729	731	484	263	258.0	5
730	184	145	67	62.11224	5
730	413	535	209	201.0	5
730	686	494	284	234.60000000000002	10
730	728	494	264	250.79999999999998	5
730	731	505	274	269.40000000000003	5
731	185	145	67	62.11224	5
731	414	540	203	197.4	5
731	727	763	320	315.59999999999997	5
731	729	484	263	258.0	5
731	730	505	274	269.40000000000003	5
732	186	145	67	62.11224	5
732	416	667	321	316.8	5
732	417	1385	595	590.4	5
732	733	979	414	409.20000000000005	5
732	864	1051	481	476.40000000000003	5
733	187	145	67	62.11224	5
733	415	296	185	180.6	5
733	732	979	414	409.20000000000005	5
733	735	760	383	357.6	5
733	737	794	362	354.0	5
733	865	990	422	417.0	5
734	188	145	67	62.11224	5
734	413	105	46	39.0	5
734	696	474	289	252.0	7
734	735	474	239	234.60000000000002	5
734	736	494	298	292.8	5
735	189	145	67	62.11224	5
735	414	107	40	32.400000000000006	5
735	733	760	363	357.6	5
735	734	474	239	234.60000000000002	5
735	737	515	325	311.40000000000003	5
736	190	145	67	62.11224	5
736	698	484	268	259.20000000000005	5
736	734	494	300	292.8	5
736	737	475	285	280.2	5
736	866	795	404	399.6	5
737	191	145	67	62.11224	5
737	733	794	359	354.0	5
737	735	515	325	311.40000000000003	5
737	736	475	285	280.2	5
737	866	772	347	321.6	5
738	192	145	67	62.11224	5
738	740	586	274	256.8	5
738	742	651	327	322.8	5
738	746	979	525	517.1999999999999	5
738	784	484	218	211.2	5
738	920	982	499	494.40000000000003	5
739	193	145	67	62.11224	5
739	419	576	312	304.20000000000005	5
739	740	515	252	246.60000000000002	5
739	741	453	207	202.79999999999998	5
739	921	777	355	350.4	5
740	194	145	67	62.11224	5
740	738	586	263	256.8	5
740	739	515	258	246.60000000000002	5
740	742	445	244	239.4	5
740	920	819	460	455.4	5
741	195	145	67	62.11224	5
741	739	453	207	202.79999999999998	5
741	742	484	279	244.20000000000002	6
741	743	798	412	406.2	5
741	747	515	234	228.0	5
742	196	145	67	62.11224	5
742	738	651	327	322.8	5
742	740	445	244	239.4	5
742	741	484	275	244.20000000000002	5
742	748	505	231	224.4	5
743	197	145	67	62.11224	5
743	419	275	91	86.39999999999999	5
743	741	798	415	406.2	5
743	744	910	431	426.6	5
743	745	910	462	457.2	5
743	751	818	372	366.6	5
743	752	792	398	390.59999999999997	5
743	921	1127	541	536.4	5
743	922	1097	597	582.6	5
744	198	145	67	62.11224	5
744	743	910	431	426.6	5
744	745	453	233	227.4	5
744	922	848	452	374.40000000000003	16
745	199	145	67	62.11224	5
745	743	910	462	457.2	5
745	744	453	232	227.4	5
745	755	494	324	285.0	7
746	200	145	67	62.11224	5
746	738	979	522	517.1999999999999	5
746	748	587	286	279.6	5
746	750	608	299	290.4	5
746	757	1000	436	425.4	5
746	792	515	278	238.8	7
747	201	145	67	62.11224	5
747	741	515	233	228.0	5
747	748	515	276	271.2	5
747	749	474	243	231.0	5
747	752	505	278	268.2	5
748	202	145	67	62.11224	5
748	742	505	229	224.4	5
748	746	587	292	279.6	5
748	747	515	277	271.2	5
748	750	484	300	295.2	5
749	203	145	67	62.11224	5
749	747	474	236	231.0	5
749	750	515	324	319.20000000000005	5
749	754	484	253	245.99999999999997	5
749	758	505	247	219.0	5
750	204	145	67	62.11224	5
750	746	608	295	290.4	5
750	748	484	300	295.2	5
750	749	515	335	319.20000000000005	5
750	759	494	301	245.39999999999998	12
751	205	145	67	62.11224	5
751	420	422	159	154.2	5
751	743	818	371	366.6	5
751	753	464	267	261.6	5
751	755	619	297	292.2	5
752	206	145	67	62.11224	5
752	420	153	111	100.8	5
752	743	792	395	390.59999999999997	5
752	747	505	273	268.2	5
752	754	474	242	221.4	5
753	207	145	67	62.11224	5
753	421	249	69	56.4	5
753	751	464	266	261.6	5
753	756	556	288	279.6	5
753	762	505	247	207.0	8
754	208	145	67	62.11224	5
754	421	310	194	171.6	5
754	749	484	253	245.99999999999997	5
754	752	474	227	221.4	5
754	763	525	301	231.6	16
755	209	145	67	62.11224	5
755	745	494	291	285.0	5
755	751	619	302	292.2	5
755	756	491	279	271.2	5
756	210	145	67	62.11224	5
756	753	556	290	279.6	5
756	755	491	276	271.2	5
756	766	519	306	289.8	5
757	211	145	67	62.11224	5
757	746	1000	430	425.4	5
757	759	624	273	265.79999999999995	5
757	761	632	315	282.0	6
757	768	989	475	448.8	5
757	800	495	229	222.6	5
758	212	145	67	62.11224	5
758	749	505	224	219.0	5
758	759	494	291	232.20000000000002	13
758	760	525	262	232.20000000000002	5
758	763	505	249	244.20000000000002	5
759	213	145	67	62.11224	5
759	750	494	250	245.39999999999998	5
759	757	624	274	265.79999999999995	5
759	758	494	309	232.20000000000002	18
759	761	494	221	215.39999999999998	5
760	214	145	67	62.11224	5
760	758	525	237	232.20000000000002	5
760	761	495	223	217.79999999999998	5
760	765	495	285	277.8	5
760	769	474	335	216.0	32
761	215	145	67	62.11224	5
761	757	632	287	282.0	5
761	759	494	220	215.39999999999998	5
761	760	495	236	217.79999999999998	5
761	770	494	344	229.2	30
762	216	145	67	62.11224	5
762	422	103	87	52.2	9
762	753	505	213	207.0	5
762	763	494	270	251.40000000000003	5
762	764	464	480	268.8	63
763	217	145	67	62.11224	5
763	754	525	237	231.6	5
763	758	505	249	244.20000000000002	5
763	762	494	268	251.40000000000003	5
763	765	484	298	282.0	5
764	218	145	67	62.11224	5
764	423	117	105	36.0	25
764	762	464	295	268.8	5
764	765	516	260	255.0	5
764	773	525	259	247.79999999999998	5
765	219	145	67	62.11224	5
765	760	495	282	277.8	5
765	763	484	287	282.0	5
765	764	516	263	255.0	5
765	774	484	262	240.6	5
766	220	145	67	62.11224	5
766	422	515	316	216.6	25
766	756	519	295	289.8	5
766	767	519	381	219.60000000000002	47
767	221	145	67	62.11224	5
767	423	590	258	244.8	5
767	766	519	226	219.60000000000002	5
767	777	498	311	274.8	6
768	222	145	67	62.11224	5
768	584	1010	614	609.0	5
768	757	989	454	448.8	5
768	770	624	388	379.8	5
768	772	645	485	311.40000000000003	48
768	808	494	220	215.39999999999998	5
769	223	145	67	62.11224	5
769	760	474	238	216.0	5
769	770	484	232	227.4	5
769	771	484	289	272.4	5
769	774	515	320	312.6	5
770	224	145	67	62.11224	5
770	761	494	234	229.2	5
770	768	624	384	379.8	5
770	769	484	233	227.4	5
770	772	525	249	243.0	5
771	225	145	67	62.11224	5
771	585	515	297	232.79999999999998	14
771	769	484	277	272.4	5
771	772	506	241	236.4	5
771	776	494	267	234.0	6
772	226	145	67	62.11224	5
772	586	484	275	229.8	9
772	768	645	322	311.40000000000003	5
772	770	525	248	243.0	5
772	771	506	246	236.4	5
773	227	145	67	62.11224	5
773	424	115	142	78.0	19
773	764	525	252	247.79999999999998	5
773	774	515	248	243.0	5
773	775	474	320	202.79999999999998	32
774	228	145	67	62.11224	5
774	765	484	245	240.6	5
774	769	515	321	312.6	5
774	773	515	252	243.0	5
774	776	484	323	240.6	20
775	229	145	67	62.11224	5
775	425	249	212	157.20000000000002	13
775	589	536	327	298.2	5
775	773	474	210	202.79999999999998	5
775	776	505	251	228.6	5
776	230	145	67	62.11224	5
776	590	525	302	285.59999999999997	5
776	771	494	239	234.0	5
776	774	484	246	240.6	5
776	775	505	287	228.6	13
777	231	145	67	62.11224	5
777	424	562	236	223.20000000000002	5
777	767	498	280	274.8	5
777	778	586	413	279.6	35
777	779	500	383	226.79999999999998	45
778	232	145	67	62.11224	5
778	429	405	181	166.2	5
778	597	698	643	638.4000000000001	5
778	777	586	287	279.6	5
778	779	495	315	310.79999999999995	5
779	233	145	67	62.11224	5
779	425	293	97	88.8	5
779	427	435	169	159.0	5
779	777	500	234	226.79999999999998	5
779	778	495	315	310.79999999999995	5
780	234	145	67	62.11224	5
780	781	1000	430	425.4	5
780	785	969	517	512.4	5
780	914	1952	816	811.1999999999999	5
780	916	1049	481	475.79999999999995	5
781	235	145	67	62.11224	5
781	780	1000	430	425.4	5
781	782	979	410	405.59999999999997	5
781	786	958	410	405.59999999999997	5
781	917	1051	451	446.40000000000003	5
782	236	145	67	62.11224	5
782	781	979	410	405.59999999999997	5
782	783	1010	426	421.2	5
782	787	938	432	427.2	5
782	917	1165	499	494.40000000000003	5
782	918	1080	575	570.0	5
783	237	145	67	62.11224	5
783	782	1010	426	421.2	5
783	784	660	301	296.40000000000003	5
783	788	782	340	331.8	5
783	789	772	355	340.79999999999995	5
783	918	1136	603	598.8000000000001	5
783	919	1070	545	540.0	5
784	238	145	67	62.11224	5
784	738	484	222	211.2	5
784	783	660	301	296.40000000000003	5
784	792	979	469	463.8	5
784	919	975	446	441.0	5
785	239	145	67	62.11224	5
785	780	969	517	512.4	5
785	786	989	426	421.8	5
785	793	979	422	417.6	5
785	914	1309	559	554.4	5
786	240	145	67	62.11224	5
786	781	958	410	405.59999999999997	5
786	785	989	426	421.8	5
786	787	989	422	417.6	5
786	794	989	418	413.4	5
787	241	145	67	62.11224	5
787	782	938	432	427.2	5
787	786	989	422	417.6	5
787	789	792	369	361.8	5
787	791	808	359	344.40000000000003	5
787	795	1000	426	421.8	5
788	242	145	67	62.11224	5
788	783	782	336	331.8	5
788	789	494	268	263.4	5
788	790	463	208	202.79999999999998	5
788	792	461	215	210.0	5
789	243	145	67	62.11224	5
789	783	772	347	340.79999999999995	5
789	787	792	372	361.8	5
789	788	494	268	263.4	5
789	791	484	213	207.0	5
790	244	145	67	62.11224	5
790	788	463	207	202.79999999999998	5
790	791	494	282	277.2	5
790	792	486	210	205.2	5
790	796	505	271	238.8	6
791	245	145	67	62.11224	5
791	787	808	352	344.40000000000003	5
791	789	484	212	207.0	5
791	790	494	282	277.2	5
791	797	515	235	219.0	5
792	246	145	67	62.11224	5
792	746	515	321	238.8	20
792	784	979	468	463.8	5
792	788	461	215	210.0	5
792	790	486	212	205.2	5
792	800	979	518	479.40000000000003	6
793	247	145	67	62.11224	5
793	785	979	422	417.6	5
793	794	979	422	417.6	5
793	801	989	426	421.8	5
793	914	1235	527	522.0	5
794	248	145	67	62.11224	5
794	786	989	418	413.4	5
794	793	979	422	417.6	5
794	795	1000	426	421.8	5
794	802	979	449	444.6	5
795	249	145	67	62.11224	5
795	787	1000	426	421.8	5
795	794	1000	426	421.8	5
795	797	763	353	348.0	5
795	799	800	355	342.6	5
795	803	969	446	439.8	5
796	250	145	67	62.11224	5
796	790	505	245	238.8	5
796	797	515	236	214.8	5
796	798	494	278	263.4	5
796	800	465	333	198.6	38
797	251	145	67	62.11224	5
797	791	515	224	219.0	5
797	795	763	355	348.0	5
797	796	515	234	214.8	5
797	799	515	267	219.0	10
798	252	145	67	62.11224	5
798	796	494	268	263.4	5
798	799	517	226	219.60000000000002	5
798	800	488	241	207.6	6
798	804	505	274	268.8	5
799	253	145	67	62.11224	5
799	795	800	349	342.6	5
799	797	515	227	219.0	5
799	798	517	225	219.60000000000002	5
799	805	474	223	216.0	5
800	254	145	67	62.11224	5
800	757	495	239	222.6	5
800	792	979	484	479.40000000000003	5
800	796	465	233	198.6	6
800	798	488	249	207.6	8
800	808	1010	748	743.4000000000001	5
801	255	145	67	62.11224	5
801	389	1269	579	574.8	5
801	793	989	426	421.8	5
801	802	999	430	425.4	5
801	913	3531	1500	1495.2	5
802	256	145	67	62.11224	5
802	388	748	292	286.8	5
802	794	979	449	444.6	5
802	801	999	430	425.4	5
802	803	989	422	417.6	5
803	257	145	67	62.11224	5
803	709	1030	469	461.40000000000003	5
803	795	969	444	439.8	5
803	802	989	422	417.6	5
803	805	777	363	354.0	5
803	807	804	349	344.40000000000003	5
804	258	145	67	62.11224	5
804	798	505	273	268.8	5
804	805	484	221	216.0	5
804	806	515	241	228.0	5
804	808	479	236	206.4	5
805	259	145	67	62.11224	5
805	799	474	221	216.0	5
805	803	777	360	354.0	5
805	804	484	225	216.0	5
805	807	505	240	228.6	5
806	260	145	67	62.11224	5
806	710	484	259	211.2	10
806	804	515	235	228.0	5
806	807	505	356	351.6	5
806	808	503	229	217.20000000000002	5
807	261	145	67	62.11224	5
807	711	464	200	191.4	5
807	803	804	349	344.40000000000003	5
807	805	505	235	228.6	5
807	806	505	356	351.6	5
808	262	145	67	62.11224	5
808	584	1059	843	638.4000000000001	49
808	768	494	228	215.39999999999998	5
808	800	1010	748	743.4000000000001	5
808	804	479	211	206.4	5
808	806	503	227	217.20000000000002	5
809	263	145	67	62.11224	5
809	697	505	264	237.0	5
809	810	494	256	250.2	5
809	811	505	242	237.0	5
809	814	494	230	222.6	5
810	264	145	67	62.11224	5
810	698	484	285	280.2	5
810	809	494	263	250.2	5
810	812	505	245	240.6	5
810	866	773	394	389.40000000000003	5
811	265	145	67	62.11224	5
811	809	505	242	237.0	5
811	812	484	235	230.39999999999998	5
811	816	526	233	228.6	5
811	817	495	237	232.20000000000002	5
812	266	145	67	62.11224	5
812	810	505	245	240.6	5
812	811	484	235	230.39999999999998	5
812	818	526	238	233.4	5
812	866	766	394	388.2	5
813	267	145	67	62.11224	5
813	472	316	89	83.39999999999999	5
813	473	125	196	86.39999999999999	36
813	701	495	298	265.79999999999995	6
813	814	516	230	225.6	5
814	268	145	67	62.11224	5
814	702	494	278	273.0	5
814	809	494	229	222.6	5
814	813	516	231	225.6	5
814	816	495	242	237.0	5
815	269	145	67	62.11224	5
815	471	547	235	230.39999999999998	5
815	472	244	162	133.20000000000002	6
815	638	742	352	343.2	5
815	821	495	220	214.8	5
816	270	145	67	62.11224	5
816	471	111	42	36.6	5
816	811	526	233	228.6	5
816	814	495	242	237.0	5
816	822	494	239	234.0	5
817	271	145	67	62.11224	5
817	470	103	50	44.4	5
817	811	495	237	232.20000000000002	5
817	818	485	252	247.20000000000002	5
817	819	505	215	210.6	5
818	272	145	67	62.11224	5
818	812	526	238	233.4	5
818	817	485	252	247.20000000000002	5
818	820	474	260	255.6	5
818	869	750	384	379.8	5
819	273	145	67	62.11224	5
819	469	111	25	20.400000000000002	5
819	817	505	215	210.6	5
819	820	463	216	211.2	5
819	829	496	233	227.4	5
820	274	145	67	62.11224	5
820	818	474	260	255.6	5
820	819	463	216	211.2	5
820	830	515	290	285.0	5
820	869	750	344	339.6	5
821	275	145	67	62.11224	5
821	815	495	246	214.8	6
821	822	505	242	237.0	5
821	823	494	229	223.8	5
821	826	495	268	263.4	5
822	276	145	67	62.11224	5
822	470	540	206	201.6	5
822	816	494	246	234.0	5
822	821	505	242	237.0	5
822	824	505	242	237.0	5
823	277	145	67	62.11224	5
823	821	494	232	223.8	5
823	824	495	244	237.0	5
823	828	494	235	230.39999999999998	5
823	833	494	252	246.60000000000002	5
824	278	145	67	62.11224	5
824	469	598	245	240.6	5
824	822	505	249	237.0	5
824	823	495	244	237.0	5
824	834	515	305	300.59999999999997	5
825	279	145	67	62.11224	5
825	638	512	377	217.79999999999998	47
825	649	515	261	240.6	5
825	826	484	225	220.8	5
825	827	515	266	261.0	5
826	280	145	67	62.11224	5
826	638	507	308	288.0	5
826	821	495	268	263.4	5
826	825	484	225	220.8	5
826	828	525	241	236.4	5
827	281	145	67	62.11224	5
827	651	495	248	239.4	5
827	825	515	268	261.0	5
827	828	495	244	239.4	5
827	837	484	235	230.39999999999998	5
828	282	145	67	62.11224	5
828	823	494	236	230.39999999999998	5
828	826	525	243	236.4	5
828	827	495	244	239.4	5
828	838	485	234	217.79999999999998	5
829	283	145	67	62.11224	5
829	457	515	226	219.0	5
829	468	281	84	79.80000000000001	5
829	819	496	235	227.4	5
829	834	494	323	318.59999999999997	5
830	284	145	67	62.11224	5
830	468	254	176	171.0	5
830	820	515	290	285.0	5
830	832	484	251	246.60000000000002	5
830	872	760	362	357.6	5
831	285	145	67	62.11224	5
831	457	115	60	43.199999999999996	5
831	836	505	232	220.8	5
831	845	763	363	358.2	5
832	286	145	67	62.11224	5
832	459	215	81	76.2	5
832	830	484	251	246.60000000000002	5
832	872	743	382	377.4	5
833	287	145	67	62.11224	5
833	455	362	167	162.0	5
833	823	494	256	246.60000000000002	5
833	834	496	298	293.4	5
833	838	515	275	270.59999999999997	5
834	288	145	67	62.11224	5
834	456	332	125	120.6	5
834	824	515	305	300.59999999999997	5
834	829	494	323	318.59999999999997	5
834	833	496	298	293.4	5
835	289	145	67	62.11224	5
835	455	200	176	171.0	5
835	836	494	228	223.8	5
835	840	495	236	231.0	5
835	846	740	422	417.6	5
836	290	145	67	62.11224	5
836	456	191	149	144.60000000000002	5
836	831	505	227	220.8	5
836	835	494	228	223.8	5
836	846	746	385	380.4	5
837	291	145	67	62.11224	5
837	827	484	235	230.39999999999998	5
837	838	474	232	227.4	5
837	839	505	301	296.40000000000003	5
837	842	515	222	216.6	5
838	292	145	67	62.11224	5
838	454	335	120	115.8	5
838	828	485	266	217.79999999999998	10
838	833	515	276	270.59999999999997	5
838	837	474	232	227.4	5
839	293	145	67	62.11224	5
839	837	505	301	296.40000000000003	5
839	840	494	239	234.0	5
839	844	495	243	237.0	5
839	847	760	387	382.8	5
840	294	145	67	62.11224	5
840	454	203	152	147.0	5
840	835	495	236	231.0	5
840	839	494	239	234.0	5
840	847	777	389	384.0	5
841	295	145	67	62.11224	5
841	453	125	168	88.8	24
841	663	515	254	249.60000000000002	5
841	842	494	239	234.0	5
841	843	495	260	250.79999999999998	5
842	296	145	67	62.11224	5
842	651	495	276	270.0	5
842	837	515	222	216.6	5
842	841	494	239	234.0	5
842	844	494	239	234.0	5
843	297	145	67	62.11224	5
843	665	494	232	223.8	5
843	841	495	261	250.79999999999998	5
843	844	525	260	255.0	5
843	848	773	392	387.0	5
844	298	145	67	62.11224	5
844	839	495	242	237.0	5
844	842	494	240	234.0	5
844	843	525	260	255.0	5
844	848	804	365	360.0	5
845	299	145	67	62.11224	5
845	459	614	468	463.2	5
845	467	372	130	125.39999999999999	5
845	831	763	365	358.2	5
845	846	980	476	471.6	5
845	875	1010	433	428.4	5
846	300	145	67	62.11224	5
846	835	740	422	417.6	5
846	836	746	385	380.4	5
846	845	980	476	471.6	5
846	847	1020	465	460.2	5
846	856	1000	456	451.2	5
847	301	145	67	62.11224	5
847	839	760	387	382.8	5
847	840	777	389	384.0	5
847	846	1020	465	460.2	5
847	848	1010	462	457.2	5
847	857	979	502	497.4	5
848	302	145	67	62.11224	5
848	447	644	340	335.4	5
848	843	773	392	387.0	5
848	844	804	365	360.0	5
848	847	1010	462	457.2	5
848	858	958	440	435.0	5
849	303	145	67	62.11224	5
849	447	365	117	112.2	5
849	664	753	357	352.8	5
849	665	773	394	388.8	5
849	851	769	432	427.8	5
849	853	762	392	387.0	5
849	859	969	446	441.6	5
850	304	145	67	62.11224	5
850	668	505	235	230.39999999999998	5
850	851	484	293	288.0	5
850	852	474	225	220.2	5
850	854	451	207	202.79999999999998	5
851	305	145	67	62.11224	5
851	669	495	282	277.2	5
851	849	769	432	427.8	5
851	850	484	293	288.0	5
851	853	484	251	246.60000000000002	5
852	306	145	67	62.11224	5
852	850	474	225	220.2	5
852	853	505	214	209.4	5
852	854	474	239	231.0	5
852	860	756	369	364.8	5
853	307	145	67	62.11224	5
853	849	762	392	387.0	5
853	851	484	251	246.60000000000002	5
853	852	505	214	209.4	5
853	860	773	351	346.2	5
854	308	145	67	62.11224	5
854	670	1000	623	618.6	5
854	850	451	207	202.79999999999998	5
854	852	474	236	231.0	5
854	861	969	546	541.8	5
854	905	834	511	499.8	5
854	907	707	363	358.2	5
855	309	145	67	62.11224	5
855	466	355	105	100.19999999999999	5
855	467	640	357	352.8	5
855	856	979	449	444.6	5
855	878	1000	484	479.40000000000003	5
856	310	145	67	62.11224	5
856	846	1000	456	451.2	5
856	855	979	449	444.6	5
856	857	1010	462	457.2	5
856	863	1000	429	424.20000000000005	5
857	311	145	67	62.11224	5
857	847	979	502	497.4	5
857	856	1010	462	457.2	5
857	858	1000	452	447.6	5
857	885	1051	448	443.4	5
858	312	145	67	62.11224	5
858	446	239	149	144.60000000000002	5
858	848	958	440	435.0	5
858	857	1000	452	447.6	5
858	886	1085	465	460.2	5
859	313	145	67	62.11224	5
859	446	801	317	312.6	5
859	849	969	446	441.6	5
859	860	969	495	490.2	5
859	887	1093	557	552.6	5
860	314	145	67	62.11224	5
860	852	756	369	364.8	5
860	853	773	351	346.2	5
860	859	969	495	490.2	5
860	861	618	286	281.40000000000003	5
860	888	1057	504	499.8	5
861	315	145	67	62.11224	5
861	854	969	546	541.8	5
861	860	618	286	281.40000000000003	5
861	888	1146	548	543.6	5
861	907	787	399	394.20000000000005	5
861	910	1140	581	576.5999999999999	5
862	316	145	67	62.11224	5
862	465	756	275	270.0	5
862	466	671	329	324.0	5
862	863	1000	513	508.20000000000005	5
862	889	1062	455	450.0	5
863	317	145	67	62.11224	5
863	856	1000	429	424.20000000000005	5
863	862	1000	513	508.20000000000005	5
863	885	1000	429	423.0	5
863	890	1072	543	538.8000000000001	5
864	318	145	67	62.11224	5
864	732	1051	481	476.40000000000003	5
864	865	952	409	404.40000000000003	5
864	867	1020	521	516.5999999999999	5
864	913	2771	1406	1401.0	5
865	319	145	67	62.11224	5
865	733	990	422	417.0	5
865	864	952	409	404.40000000000003	5
865	866	1011	439	421.2	5
865	868	1042	744	739.2	5
866	320	145	67	62.11224	5
866	736	795	407	399.6	5
866	737	772	364	321.6	8
866	810	773	394	389.40000000000003	5
866	812	766	396	388.2	5
866	865	1011	429	421.2	5
866	868	1377	627	622.1999999999999	5
866	869	1021	498	493.8	5
867	321	145	67	62.11224	5
867	864	1020	521	516.5999999999999	5
867	868	982	448	443.4	5
867	870	989	417	412.2	5
868	322	145	67	62.11224	5
868	865	1042	746	739.2	5
868	866	1377	629	622.1999999999999	5
868	867	982	448	443.4	5
868	869	1010	426	421.2	5
868	871	1051	502	497.4	5
869	323	145	67	62.11224	5
869	818	750	384	379.8	5
869	820	750	344	339.6	5
869	866	1021	499	493.8	5
869	868	1010	426	421.2	5
869	872	989	482	477.6	5
870	324	145	67	62.11224	5
870	867	989	417	412.2	5
870	871	989	471	466.8	5
871	325	145	67	62.11224	5
871	868	1051	502	497.4	5
871	870	989	471	466.8	5
871	872	1000	421	416.40000000000003	5
871	874	1000	477	472.2	5
872	326	145	67	62.11224	5
872	460	812	356	351.6	5
872	830	760	362	357.6	5
872	832	743	382	377.4	5
872	869	989	482	477.6	5
872	871	1000	421	416.40000000000003	5
873	327	145	67	62.11224	5
873	462	551	212	207.0	5
873	874	979	467	462.0	5
874	328	145	67	62.11224	5
874	461	410	146	141.0	5
874	871	1000	477	472.2	5
874	873	979	467	462.0	5
874	875	982	413	408.59999999999997	5
875	329	145	67	62.11224	5
875	460	185	137	132.6	5
875	845	1010	433	428.4	5
875	874	982	413	408.59999999999997	5
875	878	969	495	490.2	5
876	330	145	67	62.11224	5
876	462	463	266	261.0	5
876	877	981	467	462.6	5
876	879	1041	492	487.19999999999993	5
877	331	145	67	62.11224	5
877	461	665	359	352.2	5
877	876	981	468	462.6	5
877	878	971	462	457.2	5
877	880	969	472	467.4	5
878	332	145	67	62.11224	5
878	855	1000	484	479.40000000000003	5
878	875	969	500	490.2	5
878	877	971	463	457.2	5
878	881	1051	481	476.40000000000003	5
879	333	145	67	62.11224	5
879	876	1041	492	487.19999999999993	5
879	880	989	471	466.8	5
879	882	999	477	472.2	5
880	334	145	67	62.11224	5
880	877	969	472	467.4	5
880	879	989	471	466.8	5
880	881	992	473	468.0	5
880	883	989	425	420.59999999999997	5
881	335	145	67	62.11224	5
881	465	260	153	148.8	5
881	878	1051	481	476.40000000000003	5
881	880	992	473	468.0	5
881	884	1031	430	425.4	5
882	336	145	67	62.11224	5
882	879	999	477	472.2	5
882	883	979	467	462.0	5
883	337	145	67	62.11224	5
883	464	471	240	235.2	5
883	880	989	425	420.59999999999997	5
883	882	979	467	462.0	5
884	338	145	67	62.11224	5
884	464	568	195	190.8	5
884	881	1031	430	425.4	5
884	889	1000	476	471.6	5
885	339	145	67	62.11224	5
885	445	800	387	382.2	5
885	857	1051	448	443.4	5
885	863	1000	428	423.0	5
885	892	1172	506	498.00000000000006	5
886	340	145	67	62.11224	5
886	445	277	69	63.0	5
886	858	1085	465	460.2	5
886	887	969	415	410.4	5
886	892	958	422	408.0	5
887	341	145	67	62.11224	5
887	859	1093	557	552.6	5
887	886	969	419	410.4	5
887	888	1114	478	473.4	5
887	893	979	417	412.2	5
888	342	145	67	62.11224	5
888	860	1057	504	499.8	5
888	861	1146	548	543.6	5
888	887	1114	478	473.4	5
888	894	979	421	416.40000000000003	5
888	910	1056	455	450.59999999999997	5
889	343	145	67	62.11224	5
889	862	1062	456	450.0	5
889	884	1000	476	471.6	5
889	895	1208	520	515.4	5
890	344	145	67	62.11224	5
890	863	1072	543	538.8000000000001	5
890	891	1058	456	451.2	5
890	896	1164	500	495.59999999999997	5
891	345	145	67	62.11224	5
891	890	1058	456	451.2	5
891	896	1249	537	532.1999999999999	5
891	897	792	348	337.8	5
891	899	1014	435	430.79999999999995	5
892	346	145	67	62.11224	5
892	885	1172	503	498.00000000000006	5
892	886	958	419	408.0	5
892	897	722	656	303.59999999999997	117
893	347	145	67	62.11224	5
893	887	979	419	412.2	5
893	894	1114	474	469.20000000000005	5
893	898	1055	453	448.8	5
893	901	1611	687	682.8000000000001	5
894	348	145	67	62.11224	5
894	888	979	421	416.40000000000003	5
894	893	1114	474	469.20000000000005	5
894	910	1494	649	637.8000000000001	5
895	349	145	67	62.11224	5
895	889	1208	520	515.4	5
895	896	1063	455	450.59999999999997	5
896	350	145	67	62.11224	5
896	890	1164	500	495.59999999999997	5
896	891	1249	540	532.1999999999999	5
896	895	1063	455	450.59999999999997	5
896	899	1305	558	553.8000000000001	5
897	351	145	67	62.11224	5
897	443	170	97	78.0	5
897	891	792	342	337.8	5
897	892	722	480	303.59999999999997	49
897	899	924	401	396.0	5
898	352	145	67	62.11224	5
898	442	1056	394	389.40000000000003	5
898	443	645	499	238.8	85
898	893	1055	453	448.8	5
898	900	790	341	336.0	5
899	353	145	67	62.11224	5
899	442	261	171	166.79999999999998	5
899	891	1014	435	430.79999999999995	5
899	896	1305	558	553.8000000000001	5
899	897	924	404	396.0	5
900	354	145	67	62.11224	5
900	898	790	341	336.0	5
900	901	1112	478	473.4	5
901	355	145	67	62.11224	5
901	893	1611	687	682.8000000000001	5
901	900	1112	478	473.4	5
902	356	145	67	62.11224	5
902	513	530	224	215.39999999999998	5
902	541	637	516	481.2	5
902	542	366	258	252.6	5
902	660	586	415	362.4	10
902	661	632	487	477.0	5
902	670	1171	780	621.5999999999999	36
903	357	145	67	62.11224	5
903	514	433	165	156.6	5
903	516	1219	543	537.6	5
903	542	711	382	368.4	5
903	543	153	89	84.0	5
903	544	554	328	323.4	5
904	358	145	67	62.11224	5
904	544	425	203	195.0	5
904	906	968	493	488.40000000000003	5
905	359	145	67	62.11224	5
905	513	996	582	547.1999999999999	5
905	514	1135	682	676.1999999999999	5
905	670	798	628	600.0	5
905	854	834	505	499.8	5
905	906	1309	587	580.8	5
905	907	961	431	426.0	5
906	360	145	67	62.11224	5
906	516	189	102	97.2	5
906	904	968	493	488.40000000000003	5
906	905	1309	586	580.8	5
906	908	1014	462	457.8	5
906	909	1067	693	688.8000000000001	5
906	931	3828	892	886.8	5
907	361	145	67	62.11224	5
907	854	707	363	358.2	5
907	861	787	399	394.20000000000005	5
907	905	961	431	426.0	5
907	908	948	470	465.59999999999997	5
907	910	1505	668	663.6	5
908	362	145	67	62.11224	5
908	517	277	158	153.0	5
908	906	1014	465	457.8	5
908	907	948	470	465.59999999999997	5
908	911	1508	690	685.2	5
908	912	1352	744	739.2	5
909	363	145	67	62.11224	5
909	517	728	268	263.4	5
909	906	1067	693	688.8000000000001	5
909	912	1120	594	589.8	5
910	364	145	67	62.11224	5
910	861	1140	581	576.5999999999999	5
910	888	1056	455	450.59999999999997	5
910	894	1494	643	637.8000000000001	5
910	907	1505	668	663.6	5
910	911	794	426	421.8	5
911	365	145	67	62.11224	5
911	518	613	320	315.59999999999997	5
911	908	1508	690	685.2	5
911	910	794	426	421.8	5
912	366	145	67	62.11224	5
912	518	366	103	98.39999999999999	5
912	908	1352	744	739.2	5
912	909	1120	594	589.8	5
913	367	145	67	62.11224	5
913	417	528	212	207.0	5
913	708	2827	1207	1202.3999999999999	5
913	714	1924	821	816.5999999999999	5
913	720	1310	560	555.0	5
913	726	1273	567	562.8000000000001	5
913	801	3531	1500	1495.2	5
913	864	2771	1406	1401.0	5
914	368	145	67	62.11224	5
914	389	558	242	237.6	5
914	780	1952	816	811.1999999999999	5
914	785	1309	559	554.4	5
914	793	1235	527	522.0	5
914	915	2600	1316	1311.6	5
915	369	145	67	62.11224	5
915	914	2600	1317	1311.6	5
915	916	989	477	470.4	5
916	370	145	67	62.11224	5
916	780	1049	505	475.79999999999995	5
916	915	989	475	470.4	5
916	917	979	464	458.4	5
917	371	145	67	62.11224	5
917	781	1051	451	446.40000000000003	5
917	782	1165	499	494.40000000000003	5
917	916	979	463	458.4	5
917	918	1030	493	488.40000000000003	5
918	372	145	67	62.11224	5
918	782	1080	575	570.0	5
918	783	1136	612	598.8000000000001	5
918	917	1030	493	488.40000000000003	5
918	919	1010	478	473.4	5
919	373	145	67	62.11224	5
919	783	1070	546	540.0	5
919	784	975	446	441.0	5
919	918	1010	478	473.4	5
919	920	969	417	412.8	5
919	924	1443	615	610.8	5
920	374	145	67	62.11224	5
920	738	982	499	494.40000000000003	5
920	740	819	460	455.4	5
920	919	969	417	412.8	5
920	921	1010	441	428.4	5
921	375	145	67	62.11224	5
921	418	395	245	231.6	5
921	739	777	355	350.4	5
921	743	1127	541	536.4	5
921	920	1010	433	428.4	5
922	376	145	67	62.11224	5
922	418	718	366	286.2	18
922	743	1097	709	582.6	27
922	744	848	626	374.40000000000003	72
923	377	145	67	62.11224	5
923	418	1756	544	538.8000000000001	5
924	378	145	67	62.11224	5
924	919	1443	615	610.8	5
925	379	145	67	62.11224	5
925	390	1193	421	415.79999999999995	5
926	380	145	67	62.11224	5
926	417	1101	382	377.4	5
927	381	145	67	62.11224	5
927	462	1305	477	466.8	5
928	382	145	67	62.11224	5
928	463	2814	968	957.6	5
929	383	145	67	62.11224	5
929	442	5557	383	378.59999999999997	5
930	384	145	67	62.11224	5
930	518	6482	564	559.2	5
931	385	145	67	62.11224	5
931	906	3828	893	886.8	5
932	386	145	67	62.11224	5
932	515	1764	360	355.79999999999995	5
933	387	145	67	62.11224	5
933	534	1032	777	357.6	140
